               0               0               0               0               4               0               0
         2.57694          2.4939       0.0517137               0         3.98966        0.332112               0
         5.15375         4.96587        0.413941               0         3.91721        0.826507               0
         7.73056         7.37347         1.08127               0         3.78375         1.30803               0
         10.3074         9.67919         2.04332               0         3.59134         1.76917               0
         12.8842         11.8471         3.28509               0         3.34298         2.20276               0
          15.461         13.8435         4.78724               0         3.04255         2.60203               0
         18.0378         15.6371         6.52637               0         2.69473         2.96076               0
         20.6146         17.2002         8.47539               0         2.30492         3.27338               0
         23.1914         18.5083         10.6039               0         1.87921           3.535               0
         25.7682         19.5411         12.8789               0         1.42423         3.74155               0
          28.345         20.2825         15.2647               0         0.94706         3.88982               0
         30.9219         20.7208         17.7243               0        0.455138          3.9775               0
         33.4987         20.8494         20.2194               0      -0.0438749         4.00322               0
         36.0755         20.6662          22.711               0       -0.542204         3.96657               0
         38.6523          20.174         25.1604               0        -1.03209         3.86813               0
         41.2291         19.3805         27.5295               0        -1.50589         3.70944               0
         43.8059         18.2981         29.7812               0        -1.95624         3.49296               0
         46.3827         16.9437         31.8806               0        -2.37611         3.22207               0
         48.9595         15.3383         33.7949               0        -2.75897         2.90099               0
         51.5363         13.5069         35.4943               0        -3.09885         2.53472               0
         54.1131         11.4781         36.9523               0        -3.39046         2.12896               0
           56.69          9.2835         38.1462               0        -3.62925         1.69003               0
         59.2668         6.95725         39.0575               0         -3.8115         1.22478               0
         61.8436          4.5356         39.6719               0        -3.93438        0.740453               0
         64.4204         2.05628         39.9799               0        -3.99598        0.244589               0
         66.9972       -0.442093         39.9766               0        -4.00595      -0.0887579               0
         69.5739        -2.93845         40.0771               0        -3.98585        0.410513               0
         72.1506        -5.40288         40.4875               0        -3.90377          0.9034               0
         74.7272        -7.79707         41.2015               0        -3.76097         1.38224               0
         77.3039        -10.0838         42.2079               0         -3.5597         1.83958               0
         79.8806        -12.2275          43.491               0        -3.30307         2.26832               0
         82.4573        -14.1948          45.031               0        -2.99507         2.66178               0
         85.0339        -15.9551         46.8039               0         -2.6405         3.01385               0
         87.6106        -17.4811         48.7821               0        -2.24486         3.31905               0
         90.1873        -18.7491         50.9348               0        -1.81432         3.57264               0
          92.764        -19.7392         53.2286               0        -1.35556         3.77067               0
         95.3407        -20.4362         55.6278               0        -0.87572         3.91007               0
         97.9173        -20.8292          58.095               0       -0.382263         3.98866               0
