               0               0               0               0               1               0               0
         1.11072         0.78378        0.020497               0        0.995901        0.104396               0
          2.2222         1.55632        0.163459               0        0.967308        0.258904               0
         3.33367         2.29698        0.425511               0        0.914898        0.407036               0
         4.44515         2.98753        0.800202               0         0.83996        0.545146               0
         5.55662         3.61096         1.27831               0        0.744339        0.669832               0
         6.66809         4.15193         1.84805               0         0.63039        0.778026               0
         7.77957         4.59711          2.4954               0        0.500919        0.867061               0
         8.89104         4.93554         3.20443               0        0.359114        0.934747               0
         10.0025         5.15888         3.95767               0        0.208467        0.979417               0
          11.114         5.26165         4.73657               0        0.052686         0.99997               0
         12.2255          5.2413         5.52196               0       -0.104392          0.9959               0
         13.3369         5.09834          6.2945               0       -0.258899        0.967308               0
         14.4484         4.83629         7.03516               0       -0.407032        0.914899               0
         15.5599          4.4616         7.72571               0       -0.545142        0.839961               0
         16.6714          3.9835         8.34914               0       -0.669829        0.744341               0
         17.7828         3.41376         8.89011               0       -0.778022        0.630393               0
         18.8943         2.76641         9.33529               0       -0.867058        0.500922               0
         20.0058         2.05739         9.67372               0       -0.934745        0.359118               0
         21.1173         1.30415         9.89707               0       -0.979415        0.208471               0
         22.2287         0.52525         9.99984               0       -0.999968       0.0526902               0
         23.3402       -0.260139          9.9795               0        -1.00136       -0.052243               0
         24.4524        -1.04659         10.0003               0       -0.997205        0.105047               0
         25.5647        -1.82011         10.1438               0       -0.968495        0.259751               0
         26.6769        -2.56165         10.4066               0       -0.915937        0.408058               0
         27.7891        -3.25295         10.7822               0       -0.840827        0.546318               0
         28.9014        -3.87698         11.2612               0       -0.745012        0.671126               0
         30.0136         -4.4184          11.832               0       -0.630852        0.779409               0
         31.1258        -4.86385         12.4805               0        -0.50116          0.8685               0
         32.2381        -5.20238         13.1907               0       -0.359127        0.936205               0
         33.3503        -5.42565         13.9451               0       -0.208251        0.980859               0
         34.4625        -5.52815         14.7251               0      -0.0522472         1.00136               0
         35.5748        -5.50738         15.5115               0        0.105043        0.997205               0
          36.687        -5.36383          16.285               0        0.259746        0.968495               0
         37.7992        -5.10105         17.0266               0        0.408054        0.915938               0
         38.9115        -4.72549         17.7179               0        0.546314        0.840828               0
         40.0237        -4.24642         18.3419               0        0.671122        0.745014               0
         41.1359        -3.67563         18.8833               0        0.779405        0.630855               0
         42.2482        -3.02717         19.3288               0        0.868497        0.501163               0
         43.3604          -2.317         19.6673               0        0.936203         0.35913               0
         44.4726        -1.56263         19.8906               0        0.980857        0.208255               0
         45.5849        -0.78261         19.9931               0         1.00136       0.0522513               0
         46.6971      0.00383911         19.9723               0          1.0027      -0.0528257               0
         47.8101        0.791373         19.9927               0        0.998619        0.104681               0
         48.9231         1.56602         20.1361               0        0.969949         0.25961               0
         50.0361          2.3087         20.3989               0        0.917395        0.408147               0
         51.1491         3.00114         20.7746               0        0.842252        0.546634               0
         52.2621         3.62627          21.254               0         0.74637        0.671661               0
         53.3751         4.16871         21.8253               0        0.632111        0.780149               0
         54.4881         4.61511         22.4744               0        0.502287        0.869428               0
         55.6011         4.95446         23.1854               0        0.360094        0.937299               0
         56.7141         5.17842         23.9406               0        0.209036         0.98209               0
         57.8271         5.28146         24.7217               0       0.0528298          1.0027               0
         58.9401         5.26106         25.5092               0       -0.104677        0.998618               0
          60.053         5.11771         26.2839               0       -0.259606        0.969949               0
          61.166         4.85495         27.0265               0       -0.408143        0.917396               0
          62.279         4.47924          27.719               0        -0.54663        0.842254               0
          63.392         3.99983         28.3441               0       -0.671657        0.746373               0
          64.505         3.42853         28.8866               0       -0.780146        0.632113               0
          65.618         2.77942          29.333               0       -0.869425         0.50229               0
          66.731         2.06846         29.6723               0       -0.937296        0.360098               0
          67.844         1.31317         29.8963               0       -0.982088         0.20904               0
          68.957        0.532137         29.9993               0         -1.0027        0.052834               0
           70.07       -0.255395         29.9789               0        -1.00409      -0.0523856               0
         71.1837        -1.04399         29.9998               0       -0.999927        0.105334               0
         72.2975        -1.81962         30.1437               0       -0.971139         0.26046               0
         73.4113        -2.56318         30.4072               0       -0.918438        0.409172               0
          74.525        -3.25637         30.7838               0       -0.843122        0.547809               0
         75.6388        -3.88211         31.2642               0       -0.747045        0.672958               0
         76.7525          -4.425         31.8365               0       -0.632574        0.781536               0
         77.8663        -4.87167         32.4868               0       -0.502527         0.87087               0
           78.98        -5.21113         33.1989               0       -0.360107        0.938761               0
         80.0938          -5.435         33.9553               0       -0.208819        0.983536               0
         81.2076        -5.53779         34.7374               0      -0.0523898         1.00409               0
         82.3213        -5.51696          35.526               0         0.10533        0.999927               0
         83.4351        -5.37302         36.3017               0        0.260455        0.971139               0
         84.5488        -5.10952         37.0452               0        0.409168        0.918438               0
         85.6626        -4.73294         37.7384               0        0.547805        0.843123               0
         86.7763        -4.25256         38.3642               0        0.672954        0.747047               0
         87.8901        -3.68021         38.9071               0        0.781533        0.632577               0
         89.0039        -3.02998         39.3537               0        0.870867        0.502531               0
         90.1176        -2.31788         39.6932               0        0.938758         0.36011               0
         91.2314        -1.56144         39.9171               0        0.983534        0.208823               0
         92.3451       -0.779293         40.0198               0         1.00409       0.0523939               0
         93.4589      0.00930304          39.999               0         1.00544      -0.0529699               0
         94.5734        0.798987         40.0195               0         1.00134        0.104967               0
         95.6879         1.57575         40.1632               0        0.972596        0.260319               0
         96.8024         2.32046         40.4267               0        0.919899        0.409261               0
          97.917         3.01478         40.8034               0        0.844551        0.548126               0
         99.0315         3.64162         41.2842               0        0.748408        0.673494               0
