               0             -10               0               0               1               0               1
         1.10227         -9.3636               0        0.636396               1       -0.318198               1
         2.19565        -8.74273       -0.197561         1.25727         0.90122       -0.628635               1
         3.28053         -8.1968       -0.578366         1.86304        0.710817       -0.901599               1
         4.35729        -7.77663        -1.11132         2.45415        0.444342        -1.11169               1
         5.42635        -7.52026        -1.75271         3.03111        0.123643        -1.23987               1
          6.4881        -7.45061        -2.45116         3.59443       -0.225578         -1.2747               1
         7.54296        -7.57472        -3.15249         4.14463       -0.576247        -1.21264               1
          8.5913        -7.88452        -3.80442         4.68224       -0.902209        -1.05774               1
          9.6335        -8.35866         -4.3603         5.20777        -1.18015        -0.82067               1
         10.6699        -8.96522         -4.7821         5.72174        -1.39105       -0.517389               1
         11.7009        -9.66478         -5.0423         6.22465        -1.52115       -0.167608               1
         12.7268        -10.4137        -5.12481         6.71696        -1.56241        0.206832               1
         13.7478         -11.167        -5.02508         7.19914        -1.51254        0.583513               1
         14.7643        -11.8817        -4.74938         7.67163        -1.37469        0.940843               1
         15.7765        -12.5185        -4.31356         8.13485        -1.15678         1.25923               1
         16.7847         -13.044        -3.74143          8.5892       -0.870714         1.52202               1
          17.789        -13.4323        -3.06282         9.03505       -0.531412         1.71613               1
         18.7898        -13.6649        -2.31163         9.47278       -0.155816         1.83244               1
         19.7873        -13.7319        -1.52381         9.90271        0.238096         1.86593               1
         20.7815        -13.6313       -0.735515         10.3252        0.632243         1.81564               1
         21.7727        -13.3687       0.0185266         10.7405         1.00926         1.68435               1
          22.761        -12.9565        0.706468         11.1489         1.35323         1.47825               1
         23.7467        -12.4127         1.30047         11.5507         1.65024         1.20636               1
         24.7297        -11.7601         1.77758         11.9462         1.88879        0.880032               1
         25.7103        -11.0246         2.12026         12.3356         2.06013        0.512288               1
         26.6887        -10.2345         2.31674         12.7192         2.15837        0.117225               1
         27.6648        -9.41883         2.36104         13.0971         2.18052       -0.290585               1
         28.6388        -8.60669         2.25281         13.4695          2.1264       -0.696654               1
         29.6108        -7.82585         1.99699         13.8367         1.99849        -1.08707               1
          30.581        -7.10208         1.60329         14.1989         1.80165        -1.44896               1
         31.5493        -6.45838         1.08561         14.5562          1.5428        -1.77081               1
         32.5159        -5.91443        0.461262         14.9087         1.23063        -2.04279               1
         33.4808        -5.48613       -0.249683         15.2568        0.875159        -2.25693               1
         34.4442         -5.1854        -1.02523         15.6004        0.487383         -2.4073               1
         35.4061           -5.02        -1.84222         15.9398       0.0788911           -2.49               1
         36.3665        -4.99355        -2.67702          16.275       -0.338511        -2.50323               1
         37.3255        -5.10569        -3.50629         16.6063       -0.753143        -2.44716               1
         38.2832        -5.35228        -4.30753         16.9337        -1.15376        -2.32386               1
         39.2397        -5.72573        -5.05971         17.2574        -1.52985        -2.13714               1
         40.1949        -6.21535        -5.74369         17.5774        -1.87185        -1.89232               1
         41.1489        -6.80784        -6.34266          17.894        -2.17133        -1.59608               1
         42.1018        -7.48771        -6.84241         18.2071        -2.42121        -1.25615               1
         43.0536        -8.23777        -7.23155         18.5169        -2.61578       -0.881113               1
         44.0044        -9.03968        -7.50167         18.8234        -2.75084        -0.48016               1
         44.9542        -9.87437        -7.64737         19.1269        -2.82368      -0.0628167               1
          45.903        -10.7225        -7.66624         19.4273        -2.83312        0.361275               1
         46.8509        -11.5652        -7.55879         19.7247        -2.77939        0.782582               1
         47.7978        -12.3838        -7.32829         20.0192        -2.66415         1.19189               1
         48.7439         -13.161         -6.9806         20.3109         -2.4903         1.58048               1
         49.6892        -13.8806        -6.52387         20.5999        -2.26194          1.9403               1
         50.6336        -14.5282        -5.96834         20.8862        -1.98417         2.26411               1
         51.5773        -15.0912        -5.32599         21.1699        -1.66299         2.54558               1
         52.5202        -15.5587        -4.61024         21.4511        -1.30512         2.77937               1
         53.4624        -15.9225        -3.83563         21.7298       -0.917813         2.96124               1
         54.4038        -16.1761        -3.01748         22.0061        -0.50874         3.08803               1
         55.3446        -16.3154        -2.17158           22.28      -0.0857908         3.15771               1
         56.2847        -16.3387        -1.31387         22.5516        0.343067         3.16936               1
         57.2241        -16.2463       -0.460112          22.821        0.769944         3.12315               1
         58.1629        -16.0406        0.374332         23.0882         1.18717          3.0203               1
         59.1011         -15.726         1.17481         23.3532          1.5874         2.86298               1
         60.0388        -15.3086         1.92758         23.6162         1.96379         2.65429               1
         60.9758        -14.7963         2.62002          23.877         2.31001         2.39813               1
         61.9123        -14.1983         3.24082         24.1359         2.62041         2.09914               1
         62.8483        -13.5251          3.7801         24.3928         2.89005         1.76254               1
         63.7837        -12.7882         4.22951         24.6478         3.11475         1.39409               1
         64.7186        -11.9999         4.58234         24.9009         3.29117        0.999933               1
          65.653         -11.173         4.83357         25.1521         3.41679        0.586484               1
         66.5869        -10.3207         4.97986         25.4016         3.48993        0.160345               1
         67.5204        -9.45635         5.01958         25.6492         3.50979       -0.271825               1
         68.4534        -8.59319         4.95273         25.8952         3.47636       -0.703407               1
         69.3859        -7.74416         4.78093         26.1394         3.39047        -1.12792               1
          70.318        -6.92178         4.50735         26.3819         3.25367        -1.53911               1
         71.2497         -6.1379         4.13655         26.6229         3.06827        -1.93105               1
          72.181        -5.40362         3.67442         26.8622         2.83721        -2.29819               1
         73.1119        -4.72911         3.12805         27.0999         2.56403        -2.63544               1
         74.0423        -4.12351         2.50559         27.3361         2.25279        -2.93824               1
         74.9724        -3.59485         1.81606         27.5708         1.90803        -3.20258               1
         75.9022        -3.14993         1.06929          27.804         1.53464        -3.42503               1
         76.8315        -2.79433        0.275652         28.0357         1.13783        -3.60284               1
         77.7605        -2.53231       -0.553999         28.2659           0.723        -3.73384               1
         78.6891        -2.36685        -1.40854         28.4948         0.29573        -3.81658               1
         79.6174        -2.29957        -2.27672         28.7223       -0.138358        -3.85021               1
         80.5454        -2.33086        -3.14729         28.9484       -0.573644        -3.83457               1
         81.4731         -2.4598        -4.00918         29.1732        -1.00459         -3.7701               1
         82.4004        -2.68427         -4.8516         29.3966         -1.4258        -3.65786               1
         83.3274        -3.00101        -5.66421         29.6188         -1.8321        -3.49949               1
         84.2541        -3.40568        -6.43716         29.8396        -2.21858        -3.29716               1
         85.1805        -3.89293        -7.16129         30.0593        -2.58064        -3.05354               1
         86.1066        -4.45651        -7.82814         30.2777        -2.91407        -2.77175               1
         87.0325        -5.08936        -8.43008         30.4948        -3.21504        -2.45532               1
          87.958        -5.78373        -8.96037         30.7108        -3.48018        -2.10814               1
         88.8833        -6.53126        -9.41319         30.9256         -3.7066        -1.73437               1
         89.8083        -7.32314        -9.78372         31.1392        -3.89186        -1.33843               1
          90.733        -8.15015        -10.0681         31.3517        -4.03407       -0.924923               1
         91.6575        -9.00285        -10.2636         31.5631        -4.13182       -0.498573               1
         92.5818        -9.87164        -10.3685         31.7734        -4.18424      -0.0641777               1
         93.5058        -10.7469        -10.3819         31.9826        -4.19095        0.373448               1
         94.4295         -11.619        -10.3042         32.1907        -4.15209        0.809525               1
          95.353        -12.4787        -10.1366         32.3977        -4.06829         1.23936               1
         96.2763        -13.3168        -9.88126         32.6037        -3.94063          1.6584               1
         97.1993        -14.1245        -9.54133         32.8087        -3.77067         2.06227               1
         98.1221        -14.8936        -9.12071         33.0126        -3.56035          2.4468               1
         99.0448        -15.6162        -8.62409         33.2156        -3.31205         2.80812               1
         99.9671        -16.2852        -8.05691         33.4176        -3.02846          3.1426               1
         100.889        -16.8939        -7.42523         33.6186        -2.71261         3.44697               1
         101.811        -17.4366        -6.73566         33.8186        -2.36783          3.7183               1
         102.733         -17.908        -5.99533         34.0178        -1.99766         3.95402               1
         103.655        -18.3039        -5.21174         34.2159        -1.60587         4.15196               1
         104.576        -18.6207        -4.39275         34.4132        -1.19638         4.31035               1
         105.497        -18.8556        -3.54643         34.6095       -0.773213          4.4278               1
         106.418        -19.0067          -2.681          34.805       -0.340501         4.50336               1
         107.339         -19.073        -1.80479         34.9995       0.0976071         4.53649               1
          108.26        -19.0541        -0.92608         35.1932         0.53696         4.52704               1
          109.18        -18.9505      -0.0531011         35.3861        0.973449         4.47526               1
           110.1        -18.7636        0.806092         35.5781         1.40305         4.38182               1
          111.02        -18.4954         1.64367         35.7692         1.82183         4.24772               1
          111.94        -18.1487          2.4521         35.9595         2.22605         4.07436               1
          112.86        -17.7269          3.2242          36.149          2.6121         3.86344               1
         113.779         -17.234         3.95321         36.3377          2.9766         3.61699               1
         114.699        -16.6747         4.63283         36.5256         3.31641         3.33734               1
         115.618        -16.0542         5.25727         36.7127         3.62864         3.02708               1
         116.537         -15.378         5.82131         36.8991         3.91066         2.68902               1
         117.456        -14.6524         6.32029         37.0846         4.16014         2.32618               1
         118.375        -13.8836         6.75017         37.2694         4.37508         1.94179               1
         119.294        -13.0783         7.10755         37.4535         4.55378         1.53917               1
         120.212        -12.2436         7.38969         37.6368         4.69485          1.1218               1
          121.13        -11.3864         7.59451         37.8194         4.79725        0.693219               1
         122.049        -10.5141         7.72057         38.0012         4.86028        0.257031               1
         122.967        -9.63371         7.76712         38.1823         4.88356       -0.183146               1
         123.884         -8.7526         7.73408         38.3628         4.86704       -0.623702               1
         124.802        -7.87788         7.62199         38.5425         4.81099        -1.06106               1
          125.72        -7.01656         7.43202         38.7215         4.71601        -1.49172               1
         126.637        -6.17548         7.16598         38.8999         4.58299        -1.91226               1
         127.555        -5.36123         6.82623         39.0775         4.41312        -2.31938               1
         128.472        -4.58012         6.41571         39.2545         4.20785        -2.70994               1
         129.389        -3.83812         5.93785         39.4309         3.96892        -3.08094               1
         130.306        -3.14086         5.39659         39.6066         3.69829        -3.42957               1
         131.223        -2.49354          4.7963         39.7816         3.39815        -3.75323               1
          132.14        -1.90094         4.14178          39.956         3.07089        -4.04953               1
         133.056        -1.36735         3.43815         40.1297         2.71907        -4.31632               1
         133.973       -0.896603         2.69087         40.3029         2.34543         -4.5517               1
         134.889       -0.491999         1.90567         40.4754         1.95284          -4.754               1
         135.805       -0.156323          1.0885         40.6473         1.54425        -4.92184               1
         136.722        0.108182        0.245466         40.8185         1.12273        -5.05409               1
         137.638        0.299811       -0.617173         40.9892        0.691413        -5.14991               1
         138.554         0.41741         -1.4931         41.1593        0.253452        -5.20871               1
         139.469        0.460369        -2.37595         41.3288       -0.187974        -5.23018               1
         140.385        0.428618        -3.25938         41.4977       -0.629692        -5.21431               1
         141.301         0.32262        -4.13712          41.666        -1.06856        -5.16131               1
         142.216        0.143358        -5.00299         41.8338        -1.50149        -5.07168               1
         143.132       -0.107683        -5.85094          42.001        -1.92547        -4.94616               1
         144.047       -0.428529        -6.67513         42.1676        -2.33757        -4.78574               1
         144.962       -0.816745        -7.46993         42.3337        -2.73497        -4.59163               1
         145.877        -1.26945        -8.22997         42.4992        -3.11499        -4.36527               1
         146.792        -1.78337        -8.95016         42.6642        -3.47508        -4.10832               1
         147.707        -2.35482        -9.62574         42.8287        -3.81287        -3.82259               1
         148.622        -2.97977        -10.2523         42.9926        -4.12614        -3.51011               1
         149.537        -3.65389        -10.8258         43.1559        -4.41288        -3.17305               1
         150.451        -4.37254        -11.3425         43.3188        -4.67125        -2.81373               1
         151.366        -5.13084        -11.7993         43.4811        -4.89963        -2.43458               1
          152.28        -5.92369        -12.1932         43.6429        -5.09661        -2.03815               1
         153.195        -6.74582         -12.522         43.8043          -5.261        -1.62709               1
         154.109         -7.5918        -12.7836         43.9651        -5.39182         -1.2041               1
         155.023        -8.45612        -12.9767         44.1254        -5.48833       -0.771941               1
         155.937        -9.33318           -13.1         44.2852        -5.55001       -0.333409               1
         156.851        -10.2174        -13.1531         44.4445        -5.57657        0.108688               1
         157.765        -11.1031        -13.1359         44.6033        -5.56793        0.551541               1
         158.679        -11.9847        -13.0485         44.7617        -5.52427        0.992364               1
         159.592        -12.8568        -12.8919         44.9195        -5.44594         1.42841               1
         160.506         -13.714        -12.6671         45.0769        -5.33353         1.85698               1
          161.42        -14.5509        -12.3757         45.2338        -5.18783         2.27545               1
         162.333        -15.3625        -12.0197         45.3903        -5.00983         2.68127               1
         163.247         -16.144        -11.6014         45.5463         -4.8007         3.07202               1
          164.16        -16.8907        -11.1236         45.7018         -4.5618         3.44535               1
         165.073        -17.5981        -10.5893         45.8569        -4.29465         3.79907               1
         165.986        -18.2622        -10.0019         46.0115        -4.00093         4.13111               1
           166.9        -18.8791        -9.36491         46.1657        -3.68245         4.43955               1
         167.813        -19.4452        -8.68238         46.3194        -3.34119         4.72262               1
         168.726        -19.9574         -7.9584         46.4727         -2.9792         4.97872               1
         169.638        -20.4129        -7.19733         46.6256        -2.59866         5.20643               1
         170.551         -20.809        -6.40369          46.778        -2.20185         5.40449               1
         171.464        -21.1437        -5.58219           46.93        -1.79109         5.57183               1
         172.377        -21.4152        -4.73761         47.0816         -1.3688         5.70758               1
         173.289        -21.6221        -3.87486         47.2328       -0.937428         5.81103               1
         174.202        -21.7634        -2.99889         47.3835       -0.499447         5.88169               1
         175.114        -21.8385        -2.11472         47.5338      -0.0573595         5.91923               1
         176.027        -21.8471        -1.22733         47.6838        0.386333         5.92353               1
         176.939        -21.7893       -0.341721         47.8333         0.82914         5.89465               1
         177.851        -21.6657         0.53719         47.9824         1.26859         5.83283               1
         178.763         -21.477         1.40454         48.1311         1.70227         5.73851               1
         179.676        -21.2246         2.25559         48.2794         2.12779         5.61229               1
         180.588        -20.9099         3.08569         48.4273         2.54285         5.45493               1
           181.5        -20.5347         3.89038         48.5748         2.94519         5.26737               1
         182.412        -20.1014         4.66536         48.7219         3.33268         5.05071               1
         183.324        -19.6124         5.40651         48.8687         3.70326         4.80619               1
         184.235        -19.0704         6.10994          49.015         4.05497         4.53519               1
         185.147        -18.4784         6.77198          49.161         4.38599         4.23922               1
         186.059        -17.8398         7.38922         49.3066         4.69461         3.91992               1
          186.97         -17.158         7.95849         49.4518         4.97925         3.57902               1
         187.882        -16.4368         8.47694         49.5967         5.23847         3.21839               1
         188.794        -15.6799         8.94195         49.7412         5.47098         2.83994               1
         189.705        -14.8914         9.35125         49.8853         5.67562          2.4457               1
         190.616        -14.0755         9.70284         50.0291         5.85142         2.03774               1
         191.528        -13.2364         9.99504         50.1725         5.99752          1.6182               1
         192.439        -12.3785         10.2265         50.3155         6.11326         1.18926               1
          193.35        -11.5063         10.3962         50.4582          6.1981        0.753128               1
         194.262        -10.6241         10.5034         50.6005          6.2517        0.312035               1
         195.173        -9.73645         10.5477         50.7425         6.27385       -0.131777               1
         196.084        -8.84786          10.529         50.8841         6.26452       -0.576072               1
         196.995        -7.96275         10.4476         51.0254         6.22382        -1.01863               1
         197.906        -7.08553         10.3041         51.1664         6.15203        -1.45724               1
         198.817        -6.22051         10.0992          51.307         6.04959        -1.88974               1
         199.728        -5.37195          9.8341         51.4472         5.91705        -2.31403               1
         200.638        -4.54396         9.51029         51.5872         5.75515        -2.72802               1
         201.549        -3.74054         9.12946         51.7268         5.56473        -3.12973               1
          202.46        -2.96555         8.69359          51.866         5.34679        -3.51723               1
          203.37        -2.22266          8.2049          52.005         5.10245        -3.88867               1
         204.281        -1.51538         7.66587         52.1436         4.83294        -4.24231               1
         205.192       -0.847035          7.0792         52.2819          4.5396        -4.57648               1
         206.102        -0.22071         6.44779         52.4199         4.22389        -4.88964               1
         207.013        0.360707         5.77473         52.5575         3.88737        -5.18035               1
         207.923        0.894568          5.0633         52.6948         3.53165        -5.44728               1
         208.833         1.37846         4.31693         52.8319         3.15847        -5.68923               1
         209.744         1.81024         3.53919         52.9686         2.76959        -5.90512               1
         210.654         2.18799         2.73377         53.1049         2.36689          -6.094               1
         211.564         2.51009         1.90447          53.241         1.95224        -6.25505               1
         212.474         2.77516         1.05518         53.3768         1.52759        -6.38758               1
         213.385         2.98211        0.189834         53.5123         1.09492        -6.49105               1
         214.295         3.13011       -0.687563         53.6475        0.656219        -6.56505               1
         215.205         3.21861        -1.57299         53.7823        0.213506        -6.60931               1
         216.115         3.24734        -2.46241         53.9169       -0.231203        -6.62367               1
         217.025          3.2163        -3.35179         54.0512       -0.675896        -6.60815               1
         217.935         3.12574        -4.23714         54.1851        -1.11857        -6.56287               1
         218.844         2.97621        -5.11451         54.3188        -1.55725         -6.4881               1
         219.754         2.76848        -5.97999         54.4522        -1.98999        -6.38424               1
         220.664          2.5036        -6.82976         54.5853        -2.41488         -6.2518               1
         221.574         2.18286        -7.66012         54.7182        -2.83006        -6.09143               1
         222.484         1.80778        -8.46743         54.8507        -3.23371        -5.90389               1
         223.393         1.38013        -9.24821         54.9829        -3.62411        -5.69006               1
         224.303        0.901864        -9.99911         55.1149        -3.99956        -5.45093               1
         225.212        0.375176        -10.7169         55.2466        -4.35846        -5.18759               1
         226.122       -0.197561        -11.3986          55.378        -4.69931        -4.90122               1
         227.031       -0.813789        -12.0413         55.5091        -5.02066        -4.59311               1
         227.941        -1.47077        -12.6424           55.64        -5.32118        -4.26461               1
          228.85        -2.16563        -13.1992         55.7706        -5.59962        -3.91718               1
          229.76        -2.89533        -13.7097         55.9009        -5.85485        -3.55234               1
         230.669         -3.6567        -14.1717         56.0309        -6.08583        -3.17165               1
         231.578        -4.44648        -14.5832         56.1607        -6.29162        -2.77676               1
         232.488        -5.26128        -14.9429         56.2902        -6.47143        -2.36936               1
         233.397        -6.09766        -15.2491         56.4194        -6.62454        -1.95117               1
         234.306        -6.95208        -15.5007         56.5484        -6.75037        -1.52396               1
         235.215        -7.82096        -15.6969         56.6771        -6.84845        -1.08952               1
         236.124        -8.70068        -15.8368         56.8056        -6.91842       -0.649658               1
         237.033        -9.58761        -15.9201         56.9338        -6.96007       -0.206197               1
         237.942        -10.4781        -15.9465         57.0617        -6.97326        0.239037               1
         238.851        -11.3684         -15.916         57.1894          -6.958        0.684224               1
          239.76        -12.2551        -15.8288         57.3168         -6.9144         1.12755               1
         240.669        -13.1345        -15.6854          57.444         -6.8427         1.56723               1
         241.578         -14.003        -15.4865         57.5709        -6.74324         2.00149               1
         242.487        -14.8572        -15.2329         57.6976        -6.61647         2.42859               1
         243.396        -15.6937        -14.9259          57.824        -6.46295         2.84684               1
         244.305        -16.5092        -14.5667         57.9502        -6.28334         3.25459               1
         245.214        -17.3005        -14.1568         58.0762        -6.07841         3.65024               1
         246.122        -18.0645         -13.698         58.2019          -5.849         4.03224               1
         247.031        -18.7982        -13.1922         58.3273        -5.59608         4.39912               1
          247.94        -19.4989        -12.6414         58.4525        -5.32068         4.74945               1
         248.848        -20.1638        -12.0478         58.5775        -5.02392         5.08191               1
         249.757        -20.7904         -11.414         58.7022        -4.70699         5.39522               1
         250.666        -21.3764        -10.7423         58.8267        -4.37116         5.68821               1
         251.574        -21.9196        -10.0355          58.951        -4.01776         5.95979               1
         252.483        -22.4179        -9.29638          59.075        -3.64819         6.20893               1
         253.391        -22.8695        -8.52779         59.1988         -3.2639         6.43473               1
         254.299        -23.2727        -7.73274         59.3223        -2.86637         6.63637               1
         255.208        -23.6262        -6.91431         59.4456        -2.45715         6.81312               1
         256.116        -23.9287        -6.07564         59.5687        -2.03782         6.96435               1
         257.025        -24.1791        -5.21995         59.6916        -1.60997         7.08954               1
         257.933        -24.3765        -4.35048         59.8143        -1.17524         7.18826               1
         258.841        -24.5204        -3.47053         59.9367       -0.735265          7.2602               1
         259.749        -24.6102         -2.5834         60.0589         -0.2917         7.30512               1
         260.658        -24.6458        -1.69241         60.1808        0.153793         7.32291               1
         261.566        -24.6271       -0.800882         60.3026        0.599559         7.31355               1
         262.474        -24.5542       0.0878938         60.4241         1.04395         7.27712               1
         263.382        -24.4276        0.970644         60.5454         1.48532          7.2138               1
          264.29        -24.2477         1.84414         60.6665         1.92207         7.12387               1
         265.198        -24.0154         2.70519         60.7874          2.3526         7.00771               1
         266.106        -23.7316          3.5507          60.908         2.77535         6.86579               1
         267.014        -23.3973          4.3776         61.0284          3.1888         6.69866               1
         267.922        -23.0139         5.18294         61.1487         3.59147         6.50697               1
          268.83        -22.5829         5.96385         61.2687         3.98192         6.29147               1
         269.738        -22.1059         6.71756         61.3885         4.35878         6.05295               1
         270.646        -21.5846         7.44143         61.5081         4.72072         5.79232               1
         271.554        -21.0211         8.13292         61.6274         5.06646         5.51054               1
         272.462        -20.4173         8.78961         61.7466         5.39481         5.20865               1
          273.37        -19.7755         9.40926         61.8656         5.70463         4.88776               1
         274.278         -19.098         9.98972         61.9843         5.99486         4.54902               1
         275.185        -18.3873          10.529         62.1029         6.26451         4.19367               1
         276.093        -17.6459         11.0253         62.2212         6.51266         3.82297               1
         277.001        -16.8765          11.477         62.3394          6.7385         3.43825               1
         277.909        -16.0817         11.8825         62.4573         6.94126         3.04087               1
         278.816        -15.2645         12.2406         62.5751         7.12028         2.63223               1
         279.724        -14.4275         12.5499         62.6926         7.27497         2.21376               1
         280.631        -13.5739         12.8097           62.81         7.40486         1.78693               1
         281.539        -12.7064         13.0191         62.9271         7.50953         1.35321               1
         282.447        -11.8282         13.1773         63.0441         7.58865        0.914097               1
         283.354        -10.9422          13.284         63.1608         7.64201        0.471101               1
         284.262        -10.0515         13.3389         63.2774         7.66947       0.0257365               1
         285.169        -9.15903         13.3419         63.3937         7.67097       -0.420484               1
         286.077         -8.2679         13.2931         63.5099         7.64654       -0.866051               1
         286.984        -7.38107         13.1926         63.6259         7.59632        -1.30946               1
         287.892        -6.50152          13.041         63.7417         7.52051        -1.74924               1
         288.799        -5.63218         12.8388         63.8573         7.41941        -2.18391               1
         289.706        -4.77594         12.5868         63.9727         7.29339        -2.61203               1
         290.614        -3.93561         12.2858         64.0879         7.14292         -3.0322               1
         291.521        -3.11396          11.937         64.2029         6.96852        -3.44302               1
         292.428        -2.31367         11.5416         64.3178         6.77081        -3.84317               1
         293.336        -1.53734          11.101         64.4324         6.55049        -4.23133               1
         294.243       -0.787489         10.6166         64.5469          6.3083        -4.60626               1
          295.15      -0.0665208         10.0902         64.6612         6.04508        -4.96674               1
         296.057        0.623257         9.52343         64.7753         5.76172        -5.31163               1
         296.964         1.27965         8.91831         64.8892         5.45916        -5.63983               1
         297.872         1.90059         8.27683         65.0029         5.13841        -5.95029               1
         298.779         2.48411          7.6011         65.1165         4.80055        -6.24206               1
         299.686         3.02841         6.89337         65.2299         4.44669         -6.5142               1
         300.593         3.53178         6.15594         65.3431         4.07797        -6.76589               1
           301.5         3.99269         5.39123         65.4561         3.69562        -6.99635               1
         302.407         4.40974         4.60171          65.569         3.30086        -7.20487               1
         303.314         4.78165         3.78993         65.6816         2.89497        -7.39082               1
         304.221         5.10732          2.9585         65.7941         2.47925        -7.55366               1
         305.128         5.38579         2.11006         65.9064         2.05503        -7.69289               1
         306.035         5.61625         1.24733         66.0186         1.62367        -7.80813               1
         306.942         5.79806        0.373026         66.1306         1.18651        -7.89903               1
         307.849         5.93071       -0.510095         66.2424        0.744952        -7.96536               1
         308.756         6.01387        -1.39927          66.354        0.300367        -8.00694               1
         309.663         6.04735        -2.29171         66.4655       -0.145855        -8.02368               1
         310.569         6.03112        -3.18465         66.5767       -0.592327        -8.01556               1
         311.476          5.9653        -4.07534         66.6879        -1.03767        -7.98265               1
         312.383         5.85017        -4.96102         66.7988        -1.48051        -7.92509               1
          313.29         5.68615        -5.83899         66.9096        -1.91949        -7.84308               1
         314.197         5.47383        -6.70656         67.0202        -2.35328        -7.73691               1
         315.103         5.21391         -7.5611         67.1307        -2.78055        -7.60695               1
          316.01         4.90726        -8.40003          67.241        -3.20002        -7.45363               1
         316.917         4.55487        -9.22082         67.3511        -3.61041        -7.27744               1
         317.824         4.15789         -10.021          67.461        -4.01051        -7.07894               1
          318.73         3.71756        -10.7982         67.5708        -4.39912        -6.85878               1
         319.637         3.23529        -11.5502         67.6804        -4.77508        -6.61764               1
         320.544         2.71257        -12.2746         67.7899        -5.13729        -6.35629               1
          321.45         2.15103        -12.9694         67.8992        -5.48468        -6.07552               1
         322.357          1.5524        -13.6325         68.0084        -5.81624         -5.7762               1
         323.263        0.918508         -14.262         68.1174          -6.131        -5.45925               1
          324.17        0.251287        -14.8561         68.2262        -6.42806        -5.12564               1
         325.076       -0.447243        -15.4131         68.3349        -6.70656        -4.77638               1
         325.983        -1.17498        -15.9314         68.4434        -6.96571        -4.41251               1
         326.889        -1.92974        -16.4095         68.5517        -7.20476        -4.03513               1
         327.796        -2.70928        -16.8461         68.6599        -7.42306        -3.64536               1
         328.702        -3.51128          -17.24          68.768        -7.61999        -3.24436               1
         329.609        -4.33338          -17.59         68.8758          -7.795        -2.83331               1
         330.515        -5.17316        -17.8952         68.9836        -7.94762        -2.41342               1
         331.422        -6.02815        -18.1549         69.0912        -8.07743        -1.98592               1
         332.328        -6.89588        -18.3682         69.1986         -8.1841        -1.55206               1
         333.234        -7.77381        -18.5347         69.3059        -8.26735        -1.11309               1
         334.141        -8.65942        -18.6539          69.413        -8.32697       -0.670288               1
         335.047        -9.55016        -18.7256         69.5199        -8.36282       -0.224919               1
         335.953        -10.4435        -18.7497         69.6268        -8.37483        0.221739               1
          336.86        -11.3368         -18.726         69.7334        -8.36301         0.66841               1
         337.766        -12.2277        -18.6548           69.84        -8.32741         1.11383               1
         338.672        -13.1135        -18.5363         69.9463        -8.26817         1.55673               1
         339.578        -13.9917         -18.371         70.0526        -8.18549         1.99587               1
         340.485          -14.86        -18.1593         70.1586        -8.07963         2.43001               1
         341.391        -15.7159        -17.9018         70.2646        -7.95092         2.85795               1
         342.297         -16.557        -17.5995         70.3703        -7.79976         3.27849               1
         343.203        -17.3809        -17.2532          70.476        -7.62659         3.69046               1
         344.109        -18.1855        -16.8639         70.5815        -7.43194         4.09274               1
         345.016        -18.9684        -16.4327         70.6868        -7.21635         4.48421               1
         345.922        -19.7276        -15.9609          70.792        -6.98047         4.86381               1
         346.828         -20.461        -15.4499         70.8971        -6.72497         5.23049               1
         347.734        -21.1666        -14.9012          71.002        -6.45059         5.58328               1
          348.64        -21.8424        -14.3162         71.1068        -6.15809         5.92122               1
         349.546        -22.4868        -13.6966         71.2114         -5.8483         6.24339               1
         350.452        -23.0979        -13.0442         71.3159        -5.52211         6.54895               1
         351.358        -23.6742        -12.3608         71.4203         -5.1804         6.83708               1
         352.264         -24.214        -11.6483         71.5245        -4.82414         7.10701               1
          353.17        -24.7161        -10.9086         71.6286        -4.45432         7.35805               1
         354.076        -25.1791        -10.1439         71.7325        -4.07193         7.58953               1
         354.982        -25.6017        -9.35609         71.8363        -3.67805         7.80085               1
         355.888         -25.983        -8.54746         71.9399        -3.27373         7.99149               1
         356.794        -26.3219        -7.72016         72.0435        -2.86008         8.16094               1
           357.7        -26.6176        -6.87643         72.1469        -2.43821         8.30879               1
         358.606        -26.8693        -6.01855         72.2501        -2.00927         8.43466               1
         359.512        -27.0765        -5.14881         72.3532         -1.5744         8.53825               1
         360.418        -27.2386        -4.26954         72.4562        -1.13477         8.61932               1
         361.323        -27.3553        -3.38309          72.559       -0.691544         8.67767               1
         362.229        -27.4264        -2.49179         72.6618       -0.245897         8.71319               1
         363.135        -27.4516        -1.59802         72.7643        0.200992          8.7258               1
         364.041         -27.431       -0.704102         72.8668        0.647949          8.7155               1
         364.947        -27.3647        0.187603         72.9691          1.0938         8.68236               1
         365.853        -27.2529         1.07477         73.0713         1.53739         8.62647               1
         366.758        -27.0961          1.9551         73.1733         1.97755         8.54803               1
         367.664        -26.8945          2.8263         73.2752         2.41315         8.44725               1
          368.57        -26.6489         3.68613          73.377         2.84306         8.32444               1
         369.475        -26.3599         4.53237         73.4787         3.26619         8.17993               1
         370.381        -26.0282         5.36287         73.5802         3.68143         8.01412               1
         371.287         -25.655          6.1755         73.6816         4.08775         7.82748               1
         372.193         -25.241          6.9682         73.7829          4.4841         7.62049               1
         373.098        -24.7874         7.73896          73.884         4.86948         7.39372               1
         374.004        -24.2955         8.48584          73.985         5.24292         7.14777               1
          374.91        -23.7666         9.20698         74.0859         5.60349          6.8833               1
         375.815         -23.202         9.90055         74.1867         5.95028         6.60099               1
         376.721        -22.6032         10.5649         74.2873         6.28243         6.30158               1
         377.626        -21.9717         11.1982         74.3878         6.59911         5.98585               1
         378.532        -21.3092         11.7991         74.4882         6.89956         5.65462               1
         379.437        -20.6175         12.3661         74.5885         7.18303         5.30875               1
         380.343        -19.8982         12.8977         74.6886         7.44883          4.9491               1
         381.249        -19.1532         13.3926         74.7886         7.69632         4.57661               1
         382.154        -18.3844         13.8498         74.8885          7.9249         4.19222               1
          383.06        -17.5938          14.268         74.9883         8.13402          3.7969               1
         383.965        -16.7833         14.6464         75.0879         8.32319         3.39164               1
         384.871        -15.9549         14.9839         75.1875         8.49196         2.97747               1
         385.776        -15.1108         15.2799         75.2869         8.63995         2.55541               1
         386.682        -14.2531         15.5336         75.3861          8.7668         2.12653               1
         387.587        -13.3837         15.7445         75.4853         8.87223         1.69187               1
         388.492         -12.505          15.912         75.5843         8.95601         1.25252               1
         389.398        -11.6191         16.0359         75.6833         9.01796        0.809557               1
         390.303        -10.7281         16.1159         75.7821         9.05795        0.364068               1
         391.209        -9.83428         16.1518         75.8807         9.07592      -0.0828577               1
         392.114        -8.93974         16.1437         75.9793         9.07183       -0.530132               1
         393.019        -8.04666         16.0915         76.0778         9.04574        -0.97667               1
         393.925        -7.15722         15.9954         76.1761         8.99772        -1.42139               1
          394.83        -6.27355         15.8558         76.2743         8.92792        -1.86323               1
         395.735        -5.39778         15.6731         76.3724         8.83654        -2.30111               1
         396.641          -4.532         15.4476         76.4704         8.72381          -2.734               1
         397.546        -3.67828         15.1801         76.5682         8.59003        -3.16086               1
         398.451        -2.83864         14.8711          76.666         8.43555        -3.58068               1
         399.357        -2.01508         14.5215         76.7636         8.26076        -3.99246               1
         400.262        -1.20953         14.1322         76.8611          8.0661        -4.39524               1
         401.167       -0.423878         13.7041         76.9585         7.85205        -4.78806               1
         402.072        0.340026         13.2383         77.0558         7.61914        -5.17001               1
         402.978         1.08041         12.7359          77.153         7.36795         -5.5402               1
         403.883         1.79554         12.1982           77.25         7.09908        -5.89777               1
         404.788         2.48378         11.6264          77.347         6.81319        -6.24189               1
         405.693         3.14354         11.0219         77.4438         6.51097        -6.57177               1
         406.598          3.7733         10.3863         77.5405         6.19315        -6.88665               1
         407.504         4.37163         9.72097         77.6372         5.86049        -7.18582               1
         408.409         4.93717         9.02754         77.7337         5.51377        -7.46859               1
         409.314         5.46864         8.30764           77.83         5.15382        -7.73432               1
         410.219         5.96485         7.56299         77.9263         4.78149        -7.98243               1
         411.124         6.42468         6.79532         78.0225         4.39766        -8.21234               1
         412.029         6.84712         6.00645         78.1186         4.00323        -8.42356               1
         412.934         7.23123         5.19821         78.2145         3.59911        -8.61561               1
         413.839         7.57617         4.37248         78.3103         3.18624        -8.78809               1
         414.745          7.8812         3.53118         78.4061         2.76559         -8.9406               1
          415.65         8.14565         2.67624         78.5017         2.33812        -9.07283               1
         416.555         8.36898         1.80963         78.5972         1.90482        -9.18449               1
          417.46         8.55072        0.933353         78.6926         1.46668        -9.27536               1
         418.365          8.6905       0.0493962         78.7879          1.0247        -9.34525               1
          419.27         8.78804       -0.840223         78.8831        0.579888        -9.39402               1
         420.175         8.84318        -1.73349         78.9782        0.133257        -9.42159               1
          421.08         8.85584        -2.62837         79.0732       -0.314185        -9.42792               1
         421.985         8.82603        -3.52286         79.1681       -0.761429        -9.41302               1
          422.89         8.75387        -4.41494         79.2628        -1.20747        -9.37693               1
         423.795         8.63956        -5.30262         79.3575        -1.65131        -9.31978               1
           424.7         8.48341        -6.18391         79.4521        -2.09196        -9.24171               1
         425.605         8.28581        -7.05686         79.5465        -2.52843        -9.14291               1
          426.51         8.04725        -7.91952         79.6409        -2.95976        -9.02362               1
         427.414         7.76829        -8.76999         79.7351        -3.38499        -8.88415               1
         428.319         7.44961         -9.6064         79.8293         -3.8032         -8.7248               1
         429.224         7.09194        -10.4269         79.9233        -4.21345        -8.54597               1
         430.129         6.69613        -11.2297         80.0173        -4.61486        -8.34807               1
         431.034         6.26308        -12.0131         80.1111        -5.00654        -8.13154               1
         431.939         5.79379        -12.7753         80.2048        -5.38765        -7.89689               1
         432.844         5.28932        -13.5147         80.2985        -5.75736        -7.64466               1
         433.749         4.75082        -14.2297          80.392        -6.11487        -7.37541               1
         434.653         4.17949        -14.9188         80.4854        -6.45942        -7.08975               1
         435.558         3.57662        -15.5805         80.5788        -6.79027        -6.78831               1
         436.463         2.94356        -16.2134          80.672        -7.10671        -6.47178               1
         437.368         2.28171        -16.8161         80.7651        -7.40807        -6.14085               1
         438.273         1.59252        -17.3874         80.8582        -7.69372        -5.79626               1
         439.177        0.877532        -17.9261         80.9511        -7.96305        -5.43877               1
         440.082        0.138301         -18.431         81.0439         -8.2155        -5.06915               1
         440.987       -0.623554        -18.9011         81.1367        -8.45054        -4.68822               1
         441.892        -1.40637        -19.3354         81.2293        -8.66768        -4.29681               1
         442.796        -2.20846         -19.733         81.3218        -8.86649        -3.89577               1
         443.701        -3.02807        -20.0931         81.4143        -9.04655        -3.48596               1
         444.606        -3.86345         -20.415         81.5066         -9.2075        -3.06828               1
         445.511        -4.71279         -20.698         81.5989        -9.34902         -2.6436               1
         446.415        -5.57428        -20.9416          81.691        -9.47082        -2.21286               1
          447.32        -6.44608        -21.1453         81.7831        -9.57267        -1.77696               1
         448.225        -7.32633        -21.3087          81.875        -9.65437        -1.33683               1
         449.129        -8.21317        -21.4315         81.9669        -9.71577       -0.893414               1
         450.034        -9.10472        -21.5135         82.0586        -9.75676        -0.44764               1
         450.939         -9.9991        -21.5546         82.1503        -9.77728    -0.000450624               1
         451.843        -10.8944        -21.5546         82.2419         -9.7773        0.447214               1
         452.748        -11.7888        -21.5137         82.3333        -9.75684        0.894416               1
         453.653        -12.6804         -21.432         82.4247        -9.71598         1.34022               1
         454.557        -13.5674        -21.3096          82.516         -9.6548          1.7837               1
         455.462        -14.4479        -21.1469         82.6072        -9.57347         2.22393               1
         456.366          -15.32        -20.9443         82.6983        -9.47217         2.66001               1
         457.271        -16.1821        -20.7023         82.7893        -9.35113         3.09103               1
         458.176        -17.0322        -20.4212         82.8802        -9.21062         3.51611               1
          459.08        -17.8687        -20.1019         82.9711        -9.05095         3.93437               1
         459.985        -18.6899        -19.7449         83.0618        -8.87247         4.34496               1
         460.889        -19.4941        -19.3511         83.1524        -8.67556         4.74705               1
         461.794        -20.2796        -18.9213          83.243        -8.46065         5.13982               1
         462.698        -21.0449        -18.4564         83.3334        -8.22819         5.52246               1
         463.603        -21.7884        -17.9574         83.4238        -7.97868         5.89422               1
         464.507        -22.5087        -17.4253         83.5141        -7.71264         6.25434               1
         465.412        -23.2042        -16.8613         83.6042        -7.43064          6.6021               1
         466.316        -23.8736        -16.2665         83.6943        -7.13325         6.93681               1
         467.221        -24.5156        -15.6422         83.7843         -6.8211          7.2578               1
         468.125        -25.1289        -14.9897         83.8742        -6.49483         7.56444               1
          469.03        -25.7122        -14.3102          83.964        -6.15511         7.85612               1
         469.934        -26.2645        -13.6053         84.0538        -5.80265         8.13227               1
         470.839        -26.7847        -12.8763         84.1434        -5.43816         8.39234               1
         471.743        -27.2717        -12.1248          84.233        -5.06239         8.63584               1
         472.648        -27.7246        -11.3522         84.3224         -4.6761         8.86229               1
         473.552        -28.1425        -10.5601         84.4118        -4.28007         9.07125               1
         474.457        -28.5246         -9.7502         84.5011         -3.8751         9.26232               1
         475.361        -28.8703        -8.92402         84.5903        -3.46201         9.43515               1
         476.265        -29.1788        -8.08326         84.6794        -3.04163          9.5894               1
          477.17        -29.4496        -7.22958         84.7684        -2.61479         9.72478               1
         478.074        -29.6821        -6.36471         84.8574        -2.18235         9.84106               1
         478.978         -29.876        -5.49035         84.9462        -1.74517         9.93801               1
         479.883        -30.0309        -4.60823          85.035        -1.30412         10.0155               1
         480.787        -30.1466        -3.72011         85.1236       -0.860054         10.0733               1
         481.692        -30.2228        -2.82772         85.2122       -0.413862         10.1114               1
         482.596        -30.2594        -1.93284         85.3007       0.0335821         10.1297               1
           483.5        -30.2564        -1.03719         85.3892        0.481403         10.1282               1
         484.405        -30.2139        -0.14255         85.4775        0.928725         10.1069               1
         485.309        -30.1319        0.749356         85.5657         1.37468          10.066               1
         486.213        -30.0107         1.63679         85.6539          1.8184         10.0054               1
         487.117        -29.8506         2.51803          85.742         2.25902         9.92529               1
         488.022        -29.6518         3.39139           85.83         2.69569          9.8259               1
         488.926        -29.4148         4.25517         85.9179         3.12758         9.70741               1
          489.83        -29.1401         5.10772         86.0057         3.55386         9.57007               1
         490.735        -28.8283          5.9474         86.0934          3.9737         9.41416               1
         491.639          -28.48         6.77262         86.1811         4.38631            9.24               1
         492.543        -28.0959          7.5818         86.2687          4.7909         9.04794               1
         493.447        -27.6767         8.37342         86.3562         5.18671         8.83836               1
         494.352        -27.2234         9.14596         86.4436         5.57298         8.61168               1
         495.256        -26.7367         9.89798         86.5309         5.94899         8.36835               1
          496.16        -26.2177         10.6281         86.6181         6.31403         8.10884               1
         497.064        -25.6673         11.3348         86.7053         6.66742         7.83367               1
         497.968        -25.0868          12.017         86.7924         7.00849         7.54338               1
         498.873         -24.477         12.6732         86.8794         7.33662         7.23852               1
         499.777        -23.8394         13.3024         86.9663         7.65119         6.91968               1
