               0             -10               0               0               1               0               1
         1.10227        -9.33775       -0.109476        0.552772        0.945262       -0.331124               1
         2.20425        -8.74984       -0.430859         1.11001         0.78457       -0.625081               1
         3.30595        -8.30309       -0.924119         1.68073        0.537941       -0.848454               1
         4.40737         -8.0439          -1.529         2.27117          0.2355       -0.978052               1
         5.50854        -7.99308        -2.17562         2.88403      -0.0878083        -1.00346               1
         6.60947        -8.14636        -2.79524         3.51869       -0.397622       -0.926819               1
         7.71019        -8.47907        -3.32839         4.17226       -0.664193       -0.760465               1
         8.81068        -8.95234        -3.72904         4.84058        -0.86452       -0.523829               1
         9.91097        -9.51879        -3.96594         5.51906       -0.982972       -0.240603               1
         11.0111        -10.1268        -4.02232         6.20307        -1.01116         0.06339               1
         12.1109        -10.7235        -3.89522         6.88807       -0.947609        0.361735               1
         13.2106        -11.2573        -3.59495         7.56954       -0.797475         0.62864               1
           14.31        -11.6802        -3.14487         8.24299       -0.572435        0.840121               1
         15.4093        -11.9508        -2.58116         8.90392       -0.290581        0.975391               1
         16.5083        -12.0373        -1.95224         9.54801       0.0238782         1.01865               1
         17.6071        -11.9226        -1.31698         10.1716        0.341508         0.96129               1
         18.7057        -11.6086       -0.740694         10.7725        0.629653        0.804301               1
         19.8041        -11.1201       -0.288211         11.3509        0.855895        0.560048               1
         20.9022        -10.5049      -0.0145658         11.9104        0.992717        0.252469               1
              22        -9.82973       0.0446123         12.4578         1.02231      -0.0851348               1
         23.0976        -9.17088       -0.119944         13.0022        0.940028       -0.414558               1
         24.1949         -8.6032       -0.488932         13.5534        0.755534       -0.698399               1
         25.2919        -8.18862        -1.01765         14.1196        0.491177       -0.905689               1
         26.3887        -7.96771        -1.64382         14.7064        0.178092        -1.01615               1
         27.4853        -7.95586        -2.29803         15.3155       -0.149017        -1.02207               1
         28.5816        -8.14472        -2.91378         15.9459        -0.45689        -0.92764               1
         29.6777        -8.50712         -3.4345         16.5945       -0.717251       -0.746438               1
         30.7736        -9.00309        -3.81713         17.2571       -0.908566       -0.498457               1
         31.8693        -9.58504        -4.03297         17.9291        -1.01649        -0.20748               1
         32.9648        -10.2017        -4.06733          18.606        -1.03367        0.100873               1
         34.0601        -10.8011         -3.9189         19.2834       -0.959449        0.400561               1
         35.1552        -11.3326        -3.59926         19.9568       -0.799631        0.666278               1
         36.2501        -11.7492        -3.13268         20.6218        -0.56634        0.874601               1
         37.3448        -12.0107         -2.5559         21.2739       -0.277949         1.00536               1
         38.4393        -12.0868         -1.9175          21.909       0.0412506         1.04341               1
         39.5336        -11.9615        -1.27607         22.5236        0.361965        0.980754               1
         40.6276        -11.6378       -0.696168         23.1156        0.651916        0.818878               1
         41.7215        -11.1408       -0.241522         23.6854        0.879239        0.570383               1
         42.8151        -10.5182       0.0339905         24.2364           1.017        0.259094               1
         43.9085        -9.83573       0.0955016         24.7756         1.04775      -0.0821374               1
         45.0016        -9.16855      -0.0662524         25.3117        0.966874       -0.415723               1
         46.0945        -8.59042        -0.43282         25.8543         0.78359       -0.704792               1
          47.187        -8.16285       -0.960964         26.4117        0.519518       -0.918574               1
         48.2794        -7.92693        -1.59001         26.9893        0.204997        -1.03653               1
         49.3715        -7.89938        -2.25174          27.589        -0.12587        -1.05031               1
         50.4634        -8.07359        -2.88015         28.2102       -0.440074       -0.963204               1
         51.5551        -8.42421        -3.41845         28.8497       -0.709226       -0.787897               1
         52.6466        -8.91284        -3.82279         29.5035       -0.911393       -0.543578               1
         53.7379        -9.49325        -4.06325         30.1673        -1.03163       -0.253375               1
         54.8291        -10.1152        -4.12366         30.8365        -1.06183       0.0575939               1
           55.92        -10.7273        -4.00093         31.5068        -1.00046        0.363639               1
         57.0107        -11.2792        -3.70457         32.1738       -0.852285        0.639623               1
         58.1013        -11.7241         -3.2565         32.8332       -0.628248        0.862059               1
         59.1917        -12.0208        -2.69082         33.4806       -0.345409         1.01038               1
         60.2818        -12.1371        -2.05337         34.1118      -0.0266828         1.06857               1
         61.3718        -12.0543        -1.40019         34.7232        0.299905         1.02717               1
         62.4616         -11.771       -0.794157         35.3124        0.602922          0.8855               1
         63.5512        -11.3069       -0.298959         35.8793         0.85052        0.653474               1
         64.6405        -10.7041       0.0292128         36.4265         1.01461        0.352064               1
         65.7296        -10.0234        0.150649         36.9599         1.07532       0.0117237               1
         66.8185        -9.33741       0.0492296         37.4879         1.02461       -0.331293               1
         67.9071        -8.72006       -0.264354         38.0198        0.867823       -0.639971               1
         68.9954        -8.23639       -0.754094         38.5642        0.622953       -0.881803               1
         70.0836         -7.9336        -1.36456         39.1273        0.317718         -1.0332               1
         71.1715         -7.8359         -2.0299         39.7122      -0.0149511        -1.08205               1
         72.2592        -7.94404        -2.68346         40.3188        -0.34173        -1.02798               1
         73.3467        -8.23881        -3.26561         40.9449       -0.632803       -0.880597               1
          74.434        -8.68633        -3.72834         41.5868       -0.864172       -0.656833               1
         75.5211         -9.2434         -4.0371         42.2401        -1.01855       -0.378299               1
         76.6081        -9.86162        -4.17082         42.9006        -1.08541      -0.0691904               1
         77.6949        -10.4905        -4.12143         43.5639        -1.06071        0.245244               1
         78.7814        -11.0797         -3.8933         44.2257       -0.946652        0.539871               1
         79.8678        -11.5814        -3.50296         44.8817       -0.751481        0.790711               1
         80.9541        -11.9521         -2.9789         45.5276       -0.489449        0.976072               1
         82.0401        -12.1559        -2.36131         46.1593       -0.180653         1.07795               1
          83.126        -12.1677        -1.70117         46.7729        0.149415         1.08384               1
         84.2116        -11.9775        -1.05791         47.3653        0.471045        0.988772               1
         85.2971        -11.5948       -0.494797         47.9353        0.752602        0.797392               1
         86.3824        -11.0502      -0.0718971         48.4841        0.964051        0.525083               1
         87.4674         -10.395        0.162521          49.016         1.08126        0.197479               1
         88.5522        -9.69573        0.179979         49.5379         1.08999       -0.152136               1
         89.6368         -9.0258       -0.023072         50.0589        0.988464       -0.487099               1
         90.7212        -8.45516       -0.424287         50.5877        0.787857       -0.772421               1
         91.8053        -8.04086       -0.978865         51.1321        0.510567       -0.979569               1
         92.8892           -7.82         -1.6267         51.6967        0.186648           -1.09               1
         93.9729        -7.80661        -2.30157         52.2832       -0.150787        -1.09669               1
         95.0563        -7.99297        -2.93989         52.8907       -0.469943        -1.00351               1
         96.1397        -8.35388        -3.48701         53.5162       -0.743505        -0.82306               1
         97.2228        -8.85193        -3.90057         54.1558       -0.950284       -0.574033               1
         98.3058        -9.44227        -4.15139         54.8053         -1.0757       -0.278865               1
         99.3886        -10.0762        -4.22332         55.4603        -1.11166       0.0380784               1
         100.471        -10.7037        -4.11264         56.1166        -1.05632        0.351828               1
         101.554        -11.2757        -3.82764           56.77       -0.913818        0.637865               1
         102.636        -11.7463        -3.38838         57.4163       -0.694192        0.873133               1
         103.718        -12.0744        -2.82657         58.0514       -0.413284          1.0372               1
           104.8        -12.2274        -2.18511         58.6711      -0.0925543         1.11372               1
         105.882        -12.1845        -1.51695         59.2718        0.241525         1.09226               1
         106.963        -11.9407       -0.882236         59.8511        0.558882        0.970343               1
         108.045        -11.5105       -0.343224         60.4082        0.828388        0.755253               1
         109.126        -10.9296        0.043041          60.945         1.02152        0.464776               1
         110.207        -10.2524        0.233035         61.4664         1.11652        0.126216               1
         111.287        -9.54691        0.203913         61.9799         1.10196       -0.226543               1
         112.368        -8.88523      -0.0424208         62.4943         0.97879       -0.557384               1
         113.448        -8.33439       -0.479303         63.0182        0.760349       -0.832803               1
         114.528        -7.94737        -1.05935         63.5585        0.470323        -1.02631               1
         115.608        -7.75693         -1.7218         64.1193        0.139099        -1.12153               1
         116.688        -7.77342        -2.40136          64.702       -0.200682        -1.11329               1
         117.767         -7.9865        -3.03639          65.305       -0.518194        -1.00675               1
         118.847         -8.3695        -3.57452         65.9256       -0.787258       -0.815248               1
         119.926        -8.88453         -3.9755         66.5596        -0.98775       -0.557737               1
         121.005         -9.4868        -4.21198          67.203        -1.10599         -0.2566               1
         122.084        -10.1281        -4.26918         67.8515        -1.13459       0.0640459               1
         123.162        -10.7592        -4.14445          68.501        -1.07222        0.379584               1
         124.241        -11.3318        -3.84678         69.1473        -0.92339        0.665912               1
         125.319        -11.8008        -3.39665         69.7863       -0.698326        0.900418               1
         126.397        -12.1262        -2.82586         70.4139       -0.412929         1.06312               1
         127.475        -12.2762        -2.17712         71.0262      -0.0885592         1.13808               1
         128.553        -12.2304        -1.50285         71.6196        0.248577         1.11521               1
         129.631        -11.9844       -0.862374         72.1916        0.568813        0.992206               1
         130.708        -11.5526       -0.317008         72.7417        0.841496        0.776278               1
         131.786        -10.9697       0.0770258         73.2716         1.03851         0.48485               1
         132.863        -10.2892        0.276553         73.7863         1.13828        0.144609               1
         133.939        -9.57743        0.258326         74.2927         1.12916       -0.211283               1
         135.016        -8.90536       0.0230157         74.7996         1.01151       -0.547319               1
         136.093        -8.33946       -0.404599         75.3154          0.7977       -0.830272               1
         137.169        -7.93309       -0.979265          75.847        0.510368        -1.03346               1
         138.245        -7.72041        -1.64205         76.3988        0.178977         -1.1398               1
         139.321        -7.71383        -2.32878         76.9722        -0.16439        -1.14309               1
         140.396        -7.90533        -2.97804         77.5661       -0.489021        -1.04734               1
         141.472        -8.27043        -3.53691         78.1777       -0.768455       -0.864787               1
         142.547        -8.77304          -3.964         78.8034       -0.982002       -0.613481               1
         143.622        -9.36984        -4.23046          79.439        -1.11523        -0.31508               1
         144.697        -10.0137        -4.31974         80.0803        -1.15987      0.00683107               1
         145.772         -10.656         -4.2272         80.7233         -1.1136        0.327999               1
         146.847         -11.249        -3.95962         81.3639       -0.979812        0.624498               1
         147.922        -11.7473        -3.53499         81.9981       -0.767497        0.873668               1
         148.996        -12.1103        -2.98239         82.6219       -0.491194         1.05517               1
          150.07        -12.3046        -2.34165         83.2312       -0.170825          1.1523               1
         151.144        -12.3073        -1.66244         83.8225         0.16878         1.15363               1
         152.218        -12.1098        -1.00195         84.3931        0.499027          1.0549               1
         153.292        -11.7215       -0.420642         84.9419        0.789679         0.86075               1
         154.366        -11.1714       0.0240753           85.47         1.01204        0.585718               1
         155.439        -10.5075        0.285459         85.9814         1.14273        0.253766               1
         156.512         -9.7921        0.334481         86.4824         1.16724       -0.103951               1
         157.585         -9.0945        0.164547         86.9812         1.08227       -0.452751               1
         158.658        -8.48242       -0.207212         87.4864        0.896394       -0.758789               1
         159.731        -8.01335       -0.742301         88.0052        0.628849       -0.993323               1
         160.803        -7.72779        -1.38647         88.5428        0.306764        -1.13611               1
         161.875        -7.64553        -2.07747         89.1017      -0.0387361        -1.17723               1
         162.947        -7.76572        -2.75308         89.6815       -0.376539        -1.11714               1
         164.019        -8.06983        -3.35753         90.2802       -0.678767       -0.965087               1
         165.091        -8.52623        -3.84545         90.8942       -0.922725       -0.736883               1
         166.162        -9.09467        -4.18341         91.5198         -1.0917       -0.452665               1
         167.234        -9.72988        -4.35015         92.1528        -1.17508       -0.135062               1
         168.305        -10.3843         -4.3362         92.7892         -1.1681        0.192171               1
         169.376        -11.0104        -4.14336         93.4249        -1.07168        0.505192               1
         170.447         -11.562        -3.78448         94.0561       -0.892241        0.780989               1
         171.518        -11.9966        -3.28326         94.6787        -0.64163        0.998324               1
         172.589        -12.2778        -2.67409         95.2888       -0.337044         1.13888               1
         173.659        -12.3774        -2.00148         95.8827    -0.000740942         1.18868               1
          174.73        -12.2797        -1.31857         96.4572        0.340716         1.13987               1
           175.8        -11.9849       -0.683954         97.0104        0.658023        0.992436               1
          176.87        -11.5114        -0.15658         97.5422         0.92171        0.755693               1
          177.94        -10.8971        0.211138         98.0551         1.10557         0.44854               1
         179.009        -10.1964        0.380581         98.5541         1.19029       0.0982072               1
         180.079        -9.47479        0.332805         99.0464          1.1664       -0.262603               1
         181.148        -8.80076       0.0716255         99.5402         1.03581       -0.599622               1
         182.217        -8.23751       -0.376699         100.044        0.811651       -0.881245               1
         183.286        -7.83534       -0.967124         100.563        0.516438        -1.08233               1
         184.355        -7.62618        -1.64219         101.102        0.178903        -1.18691               1
         185.424        -7.62146         -2.3398         101.663       -0.169899        -1.18927               1
         186.492        -7.81336        -3.00048         102.243       -0.500238        -1.09332               1
          187.56        -8.17844        -3.57272         102.841       -0.786362       -0.910778               1
         188.628        -8.68209        -4.01589         103.454        -1.00794       -0.658953               1
         189.696        -9.28262        -4.30114         104.076        -1.15057       -0.358692               1
         190.764        -9.93442         -4.4114         104.704         -1.2057      -0.0327913               1
         191.832        -10.5904        -4.34092         105.334        -1.17046        0.295204               1
         192.899        -11.2039        -4.09486         105.963        -1.04743        0.601947               1
         193.967        -11.7303        -3.68907         106.586       -0.844533        0.865166               1
         195.034        -12.1292        -3.14998         107.199        -0.57499         1.06462               1
         196.101        -12.3666        -2.51435         107.799       -0.257174          1.1833               1
         197.168        -12.4177        -1.82851         108.381       0.0857431         1.20885               1
         198.235        -12.2707        -1.14657         108.944        0.426715         1.13534               1
         199.302        -11.9299       -0.526865         109.486        0.736567        0.964939               1
         200.368        -11.4181      -0.0265558         110.007        0.986722        0.709035               1
         201.435        -10.7764        0.305209          110.51          1.1526        0.388211               1
         202.501        -10.0613        0.434108             111         1.21705       0.0306516               1
         203.567        -9.33826        0.345786         111.486         1.17289        -0.33087               1
         204.633        -8.67431       0.0481698         111.974         1.02408       -0.662847               1
         205.698        -8.12989       -0.429451         112.473        0.785274       -0.935056               1
         206.764        -7.75188        -1.04041         112.989        0.479795        -1.12406               1
         207.829        -7.56882        -1.72707         113.525        0.136466        -1.21559               1
         208.894        -7.58931         -2.4283         114.082       -0.214148        -1.20535               1
         209.959         -7.8036        -3.08628         114.658       -0.543141         -1.0982               1
         211.024        -8.18719        -3.65139         115.252       -0.825693       -0.906403               1
         212.088        -8.70518        -4.08468         115.859        -1.04234       -0.647411               1
         213.153        -9.31601        -4.35877         116.476        -1.17938       -0.341993               1
         214.217        -9.97458        -4.45768         117.098        -1.22884      -0.0127082               1
         215.282        -10.6344        -4.37647         117.722        -1.18824        0.317217               1
         216.346        -11.2496        -4.12082         118.344        -1.06041        0.624802               1
          217.41        -11.7763        -3.70683         118.961       -0.853416        0.888154               1
         218.474        -12.1748        -3.16094         119.568       -0.580468         1.08741               1
         219.537        -12.4118        -2.51961         120.161       -0.259807          1.2059               1
         220.601        -12.4631        -1.82867         120.737       0.0856645         1.23153               1
         221.664         -12.317        -1.14144         121.294        0.429282          1.1585               1
         222.728        -11.9778       -0.515357          121.83        0.742322        0.988891               1
         223.791        -11.4675     -0.00676943         122.345        0.996615         0.73375               1
         224.854        -10.8262         0.33565         122.842         1.16782        0.413086               1
         225.917        -10.1087        0.477437         123.327         1.23872       0.0543579               1
         226.979        -9.37927        0.403344         123.806         1.20167       -0.310366               1
         228.042        -8.70384        0.119695         124.287         1.05985       -0.648079               1
         229.104        -8.14264        -0.34629         124.779        0.826855        -0.92868               1
         230.166        -7.74321       -0.950083         125.287        0.524959        -1.12839               1
         231.228        -7.53564         -1.6358         125.814        0.182098        -1.23218               1
          232.29        -7.53069        -2.34335         126.362       -0.171674        -1.23466               1
         233.352         -7.7209        -3.01509          126.93       -0.507543        -1.13955               1
         234.413        -8.08396        -3.60081         127.516       -0.800407       -0.958018               1
         235.475        -8.58678         -4.0605         128.115        -1.03025        -0.70661               1
         236.536        -9.18926         -4.3653         128.724        -1.18265       -0.405369               1
         237.597        -9.84737        -4.49757          129.34        -1.24878      -0.0763146               1
         238.658        -10.5154        -4.45046         129.958        -1.22523        0.257705               1
         239.719        -11.1478        -4.22757         130.575        -1.11378         0.57392               1
          240.78        -11.7009        -3.84272         131.187        -0.92136        0.850458               1
          241.84        -12.1344        -3.31982          131.79       -0.659911         1.06722               1
         242.901        -12.4139        -2.69268         132.381       -0.346339         1.20696               1
         243.961        -12.5132        -2.00442         132.956     -0.00220935         1.25658               1
         245.022        -12.4174        -1.30603         133.512        0.346983          1.2087               1
         246.082        -12.1266       -0.653497         134.047        0.673251         1.06328               1
         247.142        -11.6576       -0.103151         134.561        0.948425         0.82882               1
         248.201        -11.0453        0.294367         135.057         1.14718        0.522669               1
         249.261        -10.3399        0.500556         135.538         1.25028        0.169969               1
          250.32        -9.60249        0.494402         136.012          1.2472       -0.198756               1
          251.38        -8.89812         0.27544         136.486         1.13772       -0.550939               1
         252.439        -8.28867       -0.135988         136.968        0.932006       -0.855667               1
         253.498        -7.82571       -0.701297         137.464        0.649351        -1.08715               1
         254.557        -7.54521        -1.36868         137.978        0.315659         -1.2274               1
         255.615        -7.46464        -2.07971         138.512      -0.0398541        -1.26768               1
         256.674        -7.58309        -2.77608         139.067        -0.38804        -1.20845               1
         257.732        -7.88376        -3.40512          139.64       -0.702562        -1.05812               1
         258.791        -8.33778        -3.92324         140.228       -0.961621       -0.831109               1
         259.849        -8.90805         -4.2975         140.828        -1.14875       -0.545974               1
         260.907        -9.55248        -4.50593         141.436        -1.25297        -0.22376               1
         261.965        -10.2265        -4.53729         142.048        -1.26865         0.11324               1
         263.023        -10.8849        -4.39067          142.66        -1.19534        0.442436               1
          264.08        -11.4835        -4.07523         143.269        -1.03762        0.741766               1
         265.138         -11.981        -3.61001         143.871       -0.805007        0.990497               1
         266.195        -12.3403        -3.02386         144.462       -0.511929         1.17017               1
         267.252        -12.5315        -2.35503         145.039       -0.177514         1.26574               1
         268.309         -12.534        -1.65028         145.599        0.174861         1.26702               1
         269.367        -12.3404       -0.962785         146.138        0.518608          1.1702               1
         270.423        -11.9586       -0.348522         146.658        0.825739        0.979281               1
          271.48        -11.4138        0.138969         147.157         1.06948        0.706897               1
         272.537        -10.7479        0.454753         147.639         1.22738        0.373948               1
         273.593        -10.0159        0.568348         148.111         1.28417       0.0079587               1
         274.649        -9.28056        0.467933         148.578         1.23397       -0.359722               1
         275.706        -8.60531        0.162092         149.048         1.08105       -0.697344               1
         276.762        -8.04747       -0.321137         149.529        0.839432       -0.976265               1
         277.817        -7.65196       -0.937773         150.026        0.531113        -1.17402               1
         278.873         -7.4471        -1.63345         150.542        0.183274        -1.27645               1
         279.929        -7.44291        -2.34999         151.079       -0.174997        -1.27855               1
         280.984        -7.63225        -3.03156         151.635       -0.515782        -1.18388               1
         282.039         -7.9938        -3.62926         152.208       -0.814631         -1.0031               1
         283.095        -8.49584        -4.10376         152.795        -1.05188       -0.752078               1
          284.15        -9.09982         -4.4263         153.393        -1.21315       -0.450091               1
         285.205        -9.76317        -4.57881         153.996        -1.28941       -0.118417               1
         286.259        -10.4416        -4.55353         154.603        -1.27677        0.220776               1
         287.314        -11.0906        -4.35271         155.209        -1.17635         0.54529               1
         288.369        -11.6674        -3.98836         155.811       -0.994181        0.833678               1
         289.423        -12.1321        -3.48214         156.404       -0.741072         1.06605               1
         290.477        -12.4501         -2.8652         156.986       -0.432602         1.22505               1
         291.532         -12.594        -2.17771         157.553      -0.0888556         1.29701               1
         292.586        -12.5468        -1.46769         158.102        0.266153         1.27342               1
          293.64        -12.3048       -0.788655         158.631        0.605673         1.15238               1
         294.693        -11.8798       -0.195651          159.14        0.902175        0.939917               1
         295.747        -11.3009        0.260059         159.629         1.13003        0.650435               1
         296.801        -10.6123        0.536996         160.103          1.2685        0.306153               1
         297.854         -9.8704        0.608812         160.567         1.30441      -0.0648014               1
         298.907         -9.1375        0.467852         161.029         1.23393       -0.431249               1
         299.961        -8.47541          0.1263         161.495         1.06315       -0.762296               1
         301.014         -7.9387       -0.385211         161.972        0.807395        -1.03065               1
         302.066        -7.56911        -1.02135         162.466        0.489324        -1.21544               1
         303.119         -7.3918        -1.72766          162.98        0.136169         -1.3041               1
         304.172        -7.41416        -2.44688         163.514       -0.223439        -1.29292               1
         305.224        -7.62716         -3.1247         164.067       -0.562351        -1.18642               1
         306.276        -8.00841        -3.71399         164.636       -0.856996       -0.995796               1
         307.329        -8.52577        -4.17709         165.219        -1.08855       -0.737114               1
         308.381        -9.14074         -4.4867         165.811        -1.24335       -0.429629               1
         309.433        -9.81113        -4.62591          166.41        -1.31295      -0.0944334               1
         310.484        -10.4932        -4.58784         167.012        -1.29392         0.24658               1
         311.536        -11.1431         -4.3754         167.612         -1.1877        0.571545               1
         312.588        -11.7188        -4.00102         168.208        -1.00051        0.859376               1
         313.639        -12.1811        -3.48654         168.795       -0.743268         1.09056               1
         314.691        -12.4962        -2.86305         169.371       -0.431527         1.24811               1
         315.742        -12.6374        -2.17046         169.932      -0.0852306         1.31869               1
         316.793        -12.5881        -1.45625         170.475        0.271874         1.29406               1
         317.844        -12.3449        -0.77319         170.999        0.613405         1.17244               1
         318.895        -11.9196       -0.175491         171.502        0.912254         0.95978               1
         319.946        -11.3404         0.28634         171.986         1.14317        0.670215               1
         320.997        -10.6509        0.571262         172.454         1.28563        0.325472               1
         322.047        -9.90615        0.652849         172.913         1.32642      -0.0469254               1
         323.098        -9.16724        0.522759          173.37         1.26138       -0.416379               1
         324.148        -8.49517        0.191923          173.83         1.09596       -0.752414               1
         325.198        -7.94427       -0.310655         174.301        0.844672        -1.02787               1
         326.248        -7.55673       -0.941354         174.788        0.529323        -1.22164               1
         327.298        -7.35885        -1.64716         175.294        0.176421        -1.32058               1
         328.347        -7.35967        -2.37172          175.82        -0.18586        -1.32017               1
         329.397        -7.55198        -3.06102         176.365       -0.530511        -1.22401               1
         330.446        -7.91518         -3.6676         176.928       -0.833801        -1.04241               1
         331.496        -8.41867        -4.15304         177.503        -1.07652       -0.790667               1
         332.545        -9.02522        -4.48895         178.089        -1.24447       -0.487392               1
         333.594        -9.69364         -4.6571         178.682        -1.32855       -0.153179               1
         334.643        -10.3809        -4.64914         179.278        -1.32457        0.190447               1
         335.692        -11.0437        -4.46631         179.873        -1.23316         0.52186               1
         336.741        -11.6401        -4.11919         180.465        -1.05959        0.820069               1
          337.79        -12.1309        -3.62757         181.049       -0.813785         1.06547               1
         338.838        -12.4814        -3.02036         181.622       -0.510179         1.24072               1
         339.887        -12.6637        -2.33516         182.181       -0.167581         1.33183               1
         340.935         -12.659        -1.61733         182.723        0.191335         1.32948               1
         341.983        -12.4607       -0.917961         183.246         0.54102         1.23034               1
         343.032        -12.0769       -0.290535         183.749        0.854732         1.03843               1
          344.08        -11.5313        0.213803         184.232          1.1069         0.76567               1
         345.128        -10.8633        0.551745         184.699         1.27587        0.431658               1
         346.175        -10.1243        0.693024         185.155         1.34651       0.0621737               1
         347.223        -9.37354        0.624241         185.605         1.31212       -0.313232               1
          348.27        -8.67155        0.350637         186.058         1.17532       -0.664225               1
         349.318        -8.07442       -0.104399          186.52        0.947801       -0.962792               1
         350.365         -7.6279       -0.702016         186.996        0.648992        -1.18605               1
         351.412        -7.36325        -1.39244         187.491        0.303778        -1.31837               1
         352.459        -7.29511        -2.12068         188.005      -0.0603387        -1.35245               1
         353.506        -7.42172        -2.83218         188.538       -0.416088        -1.28914               1
         354.553        -7.72716        -3.47751         189.089       -0.738754        -1.13642               1
         355.599        -8.18452        -4.01534         189.655        -1.00767       -0.907742               1
         356.646        -8.75924        -4.41389         190.232        -1.20695       -0.620381               1
         357.692        -9.41195        -4.65131         190.818        -1.32565       -0.294023               1
         358.739        -10.1007        -4.71552         191.408        -1.35776       0.0503625               1
         359.785        -10.7828        -4.60392         191.998        -1.30196        0.391393               1
         360.831         -11.416        -4.32313         192.587        -1.16157         0.70801               1
         361.877        -11.9604        -3.88885         193.169       -0.944427        0.980195               1
         362.923        -12.3795        -3.32573         193.743       -0.662864         1.18976               1
         363.969        -12.6426        -2.66713         194.303       -0.333563          1.3213               1
         365.015        -12.7267         -1.9545         194.848        0.022751         1.36337               1
          366.06        -12.6196        -1.23593         195.375        0.382035         1.30981               1
         367.106        -12.3221        -0.56352         195.882         0.71824         1.16106               1
         368.151        -11.8502       0.0106093         196.369          1.0053        0.925089               1
         369.196        -11.2352        0.439358         196.838         1.21968        0.617597               1
         370.241        -10.5223        0.685933         197.294         1.34297        0.261147               1
         371.286        -9.76651        0.728296         197.741         1.36415       -0.116747               1
         372.331        -9.02746        0.561914         198.187         1.28096       -0.486272               1
         373.376        -8.36344        0.200422         198.638         1.10021       -0.818282               1
         374.421         -7.8256       -0.325847         199.101        0.837076         -1.0872               1
         375.465        -7.45308         -0.9733         199.579         0.51335        -1.27346               1
          376.51        -7.26971        -1.69003         200.077        0.154983        -1.36514               1
         377.554          -7.283        -2.42146         200.594       -0.210729         -1.3585               1
         378.598        -7.48518        -3.11545          201.13       -0.557724        -1.25741               1
         379.642        -7.85585        -3.72623         201.682       -0.863113        -1.07208               1
         380.686         -8.3652        -4.21661         202.247         -1.1083       -0.817402               1
          381.73        -8.97706        -4.55896         202.823        -1.27948       -0.511468               1
         382.774        -9.65145        -4.73533         203.405        -1.36767       -0.174274               1
         383.817        -10.3465        -4.73721         203.991        -1.36861        0.173258               1
         384.861        -11.0201        -4.56528         204.576        -1.28264        0.510064               1
         385.904        -11.6313        -4.22914         205.158        -1.11457        0.815638               1
         386.948        -12.1415        -3.74728         205.733       -0.873638         1.07074               1
         387.991        -12.5164        -3.14684         206.297        -0.57342          1.2582               1
         389.034        -12.7279        -2.46339         206.848       -0.231695         1.36395               1
         390.077        -12.7563        -1.74002         207.383        0.129989         1.37817               1
          391.12        -12.5932        -1.02565         207.899        0.487173         1.29661               1
         392.163        -12.2436       -0.372088         208.395        0.813956         1.12178               1
         393.206        -11.7274        0.170199         208.872          1.0851        0.863694               1
         394.248        -11.0795        0.557086         209.332         1.27854        0.539772               1
         395.291        -10.3474        0.755765          209.78         1.37788        0.173694               1
         396.333         -9.5867        0.748653         210.222         1.37433       -0.206649               1
         397.376        -8.85637        0.535545         210.663         1.26777       -0.571817               1
         398.418        -8.21261        0.133751         211.111         1.06688       -0.893696               1
          399.46        -7.70358       -0.423759         211.572        0.788121        -1.14821               1
         400.502        -7.36494        -1.09201         212.049        0.453997        -1.31753               1
         401.543        -7.21708        -1.81898         212.545       0.0905123        -1.39146               1
         402.585        -7.26452        -2.55101         213.061       -0.275503        -1.36774               1
         403.627         -7.4973        -3.23761         213.595       -0.618803        -1.25135               1
         404.668         -7.8936        -3.83491         214.144       -0.917453         -1.0532               1
          405.71        -8.42292        -4.30765         214.706        -1.15382       -0.788538               1
         406.751        -9.04892        -4.62993         215.278        -1.31497        -0.47554               1
         407.792         -9.7318        -4.78531         215.856        -1.39265       -0.134101               1
         408.833        -10.4302        -4.76653         216.437        -1.38327        0.215078               1
         409.874        -11.1025        -4.57529         217.017        -1.28764         0.55124               1
         410.915        -11.7085        -4.22202         217.594        -1.11101        0.854248               1
         411.956        -12.2106        -3.72581         218.163       -0.862903         1.10528               1
         412.996        -12.5753        -3.11424         218.721       -0.557118         1.28764               1
         414.037        -12.7755        -2.42303         219.266       -0.211517         1.38773               1
         415.078        -12.7925         -1.6952         219.794        0.152402         1.39624               1
         416.118        -12.6188       -0.979233         220.304        0.510383         1.30939               1
         417.158        -12.2601       -0.326238         220.795        0.836881         1.13003               1
         418.199        -11.7368        0.214244         221.266         1.10712        0.868394               1
         419.239        -11.0837        0.599087         221.721         1.29954        0.541853               1
         420.279        -10.3477        0.796332         222.164         1.39817        0.173853               1
         421.319        -9.58376        0.788904         222.601         1.39445       -0.208122               1
         422.358        -8.84978        0.576644         223.037         1.28832        -0.57511               1
         423.398        -8.20114        0.176436         223.481         1.08822       -0.899429               1
         424.438        -7.68543       -0.379559         223.936         0.81022        -1.15729               1
         425.477        -7.33815        -1.04738         224.408         0.47631        -1.33092               1
         426.516        -7.18005        -1.77601         224.898        0.111996        -1.40997               1
         427.555        -7.21639        -2.51256         225.408       -0.256282        -1.39181               1
         428.595        -7.43815        -3.20699         225.935       -0.603497        -1.28092               1
         429.634        -7.82461        -3.81552         226.479       -0.907759         -1.0877               1
         430.672        -8.34626        -4.30263         227.036        -1.15132       -0.826869               1
         431.711        -8.96769        -4.64196         227.602        -1.32098       -0.516155               1
          432.75        -9.64988        -4.81633         228.175        -1.40817       -0.175058               1
         433.789        -10.3521        -4.81765          228.75        -1.40882        0.176042               1
         434.827        -11.0333        -4.64655         229.326        -1.32328        0.516632               1
         435.866        -11.6534        -4.31229         229.898        -1.15615        0.826722               1
         436.904         -12.175        -3.83258         230.464        -0.91629         1.08752               1
         437.942        -12.5644        -3.23347         231.019       -0.616736         1.28221               1
         438.981        -12.7937        -2.54906         231.562       -0.274532         1.39685               1
         440.019         -12.843        -1.82073         232.088       0.0896372         1.42151               1
         441.057        -12.7029        -1.09556         232.596        0.452222         1.35145               1
         442.095        -12.3766       -0.423731         233.086        0.788134         1.18832               1
         443.132        -11.8816        0.145309         233.556         1.07265        0.940797               1
          444.17        -11.2494        0.567476         234.009         1.28374        0.624697               1
         445.208         -10.524         0.80871          234.45         1.40435        0.262007               1
         446.245        -9.75824         0.84881         234.883         1.42441       -0.120881               1
         447.282        -9.00888        0.683765         235.314         1.34188       -0.495562               1
          448.32        -8.33149        0.326287          235.75         1.16314       -0.834253               1
         449.357        -7.77526       -0.195462         236.197        0.902269        -1.11237               1
         450.394        -7.37855       -0.840826          236.66        0.579587        -1.31072               1
         451.431        -7.16587        -1.56096          237.14        0.219522        -1.41707               1
         452.468        -7.14662        -2.30379          237.64       -0.151896        -1.42669               1
         453.504        -7.31583         -3.0188         238.158         -0.5094        -1.34208               1
         454.541        -7.65623        -3.66071         238.692       -0.830353        -1.17188               1
         455.578         -8.1411        -4.19184          239.24        -1.09592        -0.92945               1
         456.614         -8.7371        -4.58327         239.799        -1.29163        -0.63145               1
          457.65        -9.40668         -4.8151         240.365        -1.40755       -0.296661               1
         458.687          -10.11        -4.87635         240.936        -1.43818       0.0550075               1
         459.723        -10.8066        -4.76472         241.507        -1.38236        0.403276               1
         460.759        -11.4563        -4.48637         242.076        -1.24318         0.72816               1
         461.795        -12.0212        -4.05578          242.64        -1.02789          1.0106               1
         462.831        -12.4664        -3.49565         243.195       -0.747827         1.23319               1
         463.867        -12.7619        -2.83673         243.738       -0.418364         1.38097               1
         464.903         -12.885        -2.11719         244.266      -0.0585946         1.44249               1
         465.938        -12.8219        -1.38152         244.777        0.309241         1.41094               1
         466.974        -12.5706       -0.678355          245.27        0.660823         1.28529               1
         468.009        -12.1424      -0.0572403         245.743         0.97138         1.07118               1
         469.045        -11.5626        0.435596         246.199          1.2178        0.781311               1
          470.08        -10.8698        0.761832          246.64         1.38092        0.434878               1
         471.115        -10.1124        0.895184         247.071         1.44759       0.0562121               1
          472.15        -9.34538        0.824332         247.497         1.41217       -0.327308               1
         473.185        -8.62454        0.554223         247.926         1.27711        -0.68773               1
          474.22        -8.00186        0.105641         248.363         1.05282       -0.999071               1
         475.255        -7.52073       -0.486895         248.813        0.756552        -1.23964               1
          476.29         -7.2123         -1.1787          249.28        0.410652        -1.39385               1
         477.324        -7.09339        -1.91947         249.765       0.0402643        -1.45331               1
         478.359        -7.16619        -2.65813         250.269       -0.329067         -1.4169               1
         479.393        -7.41973        -3.34697          250.79       -0.673483        -1.29013               1
         480.427         -7.8323        -3.94462         251.326       -0.972309        -1.08385               1
         481.462        -8.37422        -4.41779         251.875         -1.2089       -0.812891               1
         482.496        -9.01048        -4.74194         252.433        -1.37097       -0.494761               1
          483.53        -9.70283        -4.90132         252.997        -1.45066       -0.148587               1
         484.564        -10.4115        -4.88883         253.564        -1.44441        0.205735               1
         485.598        -11.0965        -4.70574          254.13        -1.35287        0.548231               1
         486.631        -11.7189        -4.36159         254.693        -1.18079        0.859472               1
         487.665        -12.2424        -3.87399         255.249       -0.936993         1.12122               1
         488.699        -12.6343        -3.26857         255.795       -0.634286         1.31714               1
         489.732        -12.8674        -2.57865         256.328       -0.289325         1.43372               1
         490.766        -12.9226        -1.84447         256.846       0.0777625         1.46128               1
         491.799        -12.7902        -1.11176         257.346        0.444118         1.39511               1
         492.832        -12.4731       -0.429228         257.827        0.785386         1.23653               1
         493.866        -11.9872        0.154963         258.289         1.07748        0.993601               1
         494.899        -11.3623        0.597471         258.735         1.29874        0.681157               1
         495.932          -10.64        0.864157         259.168         1.43208        0.320009               1
         496.965         -9.8707        0.933729         259.592         1.46686      -0.0646525               1
         497.997        -9.10915         0.80007         260.014         1.40003       -0.445426               1
          499.03        -8.40974        0.472952         260.441         1.23648       -0.795129               1
