               0             -10               0               0               1               0               1
         1.10227        -9.37433       -0.100401        0.636414          0.9498       -0.312837               1
         2.20454        -8.81147       -0.391497         1.27283        0.804252       -0.594266               1
         3.30681        -8.36793       -0.844065         1.90925        0.577968       -0.816035               1
         4.40909        -8.08824        -1.41267         2.54567        0.293664        -0.95588               1
         5.51136        -8.00047        -2.04023         3.18209      -0.0201169       -0.999764               1
         6.61364        -8.11344        -2.66375         3.81852       -0.331875        -0.94328               1
         7.71592         -8.4158        -3.22063         4.45495       -0.610313         -0.7921               1
          8.8182         -8.8772        -3.65496         5.09137       -0.827478       -0.561401               1
         9.92048        -9.45131        -3.92314         5.72781       -0.961568       -0.274345               1
         11.0228        -10.0805        -3.99824         6.36424       -0.999122       0.0402513               1
          12.125        -10.7016        -3.87274         7.00068       -0.936369        0.350803               1
         13.2273        -11.2523        -3.55922         7.63711       -0.779612        0.626133               1
         14.3296        -11.6772        -3.08917         8.27355       -0.544586          0.8386               1
         15.4319        -11.9337        -2.50978            8.91       -0.254889        0.966872               1
         16.5342        -11.9961        -1.87921         9.54644        0.060395        0.998072               1
         17.6365        -11.8581        -1.26078         10.1829        0.369612        0.929069               1
         18.7388        -11.5336       -0.716563         10.8193        0.641718         0.76679               1
         19.8411        -11.0551       -0.301212         11.4558        0.849394        0.527528               1
         20.9434        -10.4706      -0.0564223         12.0922        0.971789        0.235305               1
         22.0456        -9.83892     -0.00676977         12.7287        0.996615      -0.0805396               1
         23.1479        -9.22341       -0.157239         13.3652         0.92138       -0.388295               1
         24.2502        -8.68588       -0.492722         14.0016        0.753639       -0.657061               1
         25.3525        -8.28029       -0.979535         14.6381        0.510232       -0.859855               1
         26.4548        -8.04737         -1.5688         15.2745          0.2156       -0.976315               1
         27.5571         -8.0105        -2.20135          15.911       -0.100677       -0.994748               1
         28.6594        -8.17339        -2.81368         16.5475       -0.406842       -0.913305               1
         29.7617        -8.51967        -3.34431         17.1839       -0.672155       -0.740163               1
          30.864        -9.01459        -3.73995         17.8204       -0.869977       -0.492706               1
         31.9663        -9.60844        -3.96089         18.4569       -0.980447       -0.195781               1
         33.0687        -10.2416        -3.98494         19.0934       -0.992472        0.120798               1
          34.171        -10.8505        -3.80969         19.7298       -0.904845        0.425246               1
         35.2733         -11.374        -3.45273         20.3663       -0.726366        0.686992               1
         36.3756        -11.7595        -2.94991         21.0028       -0.474955        0.879755               1
         37.4779        -11.9684        -2.35171         21.6393       -0.175857        0.984181               1
         38.5802        -11.9796        -1.71821         22.2758        0.140896        0.989784               1
         39.6825         -11.792          -1.113         22.9123        0.443498        0.896003               1
         40.7848        -11.4245        -0.59687         23.5488        0.701565        0.712253               1
         41.8872         -10.914       -0.221633         24.1853        0.889183        0.456986               1
         42.9895        -10.3117      -0.0249704         24.8218        0.987515        0.155835               1
         44.0918        -9.67808       -0.026629         25.4583        0.986686       -0.160961               1
         45.1941        -9.07682       -0.226442         26.0948        0.886779        -0.46159               1
         46.2964        -8.56827       -0.604344         26.7313        0.697828       -0.715867               1
         47.3988        -8.20349        -1.12239         27.3678        0.438806       -0.898257               1
         48.5011        -8.01911        -1.72855         28.0043        0.135724       -0.990445               1
         49.6034        -8.03365        -2.36197         28.6408       -0.180984       -0.983175               1
         50.7057        -8.24564        -2.95903         29.2773       -0.479515       -0.877178               1
         51.8081        -8.63381        -3.45978         29.9138       -0.729891       -0.683097               1
         52.9104        -9.15916        -3.81394         30.5503       -0.906969       -0.420422               1
         54.0127        -9.76894        -3.98594         31.1868       -0.992969       -0.115531               1
          55.115        -10.4019        -3.95851         31.8234       -0.979253        0.200958               1
         56.2174        -10.9945         -3.7344         32.4599         -0.8672        0.497263               1
         57.3197        -11.4873        -3.33613         33.0964       -0.668063         0.74363               1
         58.4221        -11.8306        -2.80368         33.7329        -0.40184        0.915317               1
         59.5244        -11.9902        -2.19053         34.3695       -0.095265        0.995083               1
         60.6267        -11.9498        -1.55825          35.006        0.220873        0.974919               1
         61.7291        -11.7137       -0.970345         35.6425        0.514827         0.85685               1
         62.8314        -11.3055       -0.485846         36.2791        0.757077        0.652733               1
         63.9337        -10.7661       -0.153412         36.9156        0.923294        0.383067               1
         65.0361        -10.1499     -0.00642693         37.5521        0.996787       0.0749336               1
         66.1384        -9.51856      -0.0596517         38.1887        0.970174       -0.240722               1
         67.2408         -8.9356        -0.30774         38.8252         0.84613       -0.532199               1
         68.3431        -8.45955       -0.725777         39.4618        0.637111       -0.770225               1
         69.4455        -8.13821        -1.27178         40.0983        0.364111       -0.930896               1
         70.5478        -8.00385        -1.89091         40.7349       0.0545454       -0.998076               1
         71.6502        -8.06996        -2.52099         41.3714       -0.260495       -0.965018               1
         72.7525        -8.32991        -3.09874          42.008        -0.54937       -0.835043               1
         73.8549        -8.75759        -3.56614         42.6445       -0.783068       -0.621204               1
         74.9572        -9.31004        -3.87624         43.2811       -0.938118       -0.344979               1
         76.0596        -9.93178         -3.9979         43.9177       -0.998949      -0.0341088               1
         77.1619        -10.5604         -3.9189         44.5542       -0.959451        0.280183               1
         78.2643        -11.1327        -3.64718         45.1908       -0.823592        0.566332               1
         79.3667        -11.5912        -3.21003         45.8274       -0.605016        0.795599               1
          80.469        -11.8899        -2.65136         46.4639       -0.325678        0.944956               1
         81.5714        -11.9988        -2.02726         47.1005      -0.0136323        0.999404               1
         82.6737        -11.9069        -1.40044         47.7371        0.299779        0.953474               1
         83.7761        -11.6236       -0.833844         48.3736        0.583078         0.81178               1
         84.8785        -11.1771       -0.384378         49.0102        0.807811        0.588554               1
         85.9808        -10.6124      -0.0971893         49.6468        0.951405        0.306216               1
         87.0832        -9.98625     -0.00112094         50.2834         0.99944     -0.00687562               1
         88.1856        -9.36145       -0.105822           50.92        0.947089       -0.319273               1
         89.2879         -8.8008       -0.400775         51.5566        0.799612       -0.599599               1
         90.3903         -8.3606       -0.856354         52.1931        0.571823       -0.819698               1
         91.4927        -8.08508         -1.4268         52.8297          0.2866       -0.957461               1
         92.5951        -8.00189        -2.05481         53.4663      -0.0274062       -0.999053               1
         93.6974        -8.11941        -2.67731         54.1029       -0.338657       -0.940296               1
         94.7998        -8.42582        -3.23178         54.7395       -0.615888       -0.787092               1
         95.9022        -8.89034        -3.66251         55.3761       -0.831253        -0.55483               1
         97.0046        -9.46632        -3.92624         56.0127        -0.96312       -0.266839               1
          98.107        -10.0959        -3.99649         56.6493       -0.998244       0.0479509               1
         99.2093        -10.7158        -3.86619         57.2859       -0.933097        0.357921               1
         100.312        -11.2639        -3.54844         57.9226       -0.774222        0.631936               1
         101.414        -11.6849        -3.07516         58.5592        -0.53758        0.842471               1
         102.516        -11.9368        -2.49388         59.1958       -0.246941        0.968378               1
         103.619         -11.994          -1.863         59.8324       0.0685008        0.997011               1
         104.721         -11.851        -1.24588          60.469        0.377058        0.925493               1
         105.824         -11.522       -0.704528         61.1056        0.647736        0.761008               1
         106.926        -11.0402        -0.29331         61.7422        0.853345        0.520081               1
         108.028        -10.4538      -0.0535374         62.3789        0.973231        0.226912               1
         109.131        -9.82191     -0.00929618         63.0155        0.995352      -0.0890471               1
         110.233        -9.20788        -0.16503         63.6521        0.917485       -0.396058               1
         111.336        -8.67344       -0.505093         64.2888        0.747454        -0.66328               1
         112.438        -8.27226       -0.995324         64.9254        0.502338       -0.863869               1
          113.54        -8.04465        -1.58648          65.562        0.206762       -0.977676               1
         114.643        -8.01347        -2.21916         66.1987       -0.109581       -0.993267               1
         115.745        -8.18185        -2.82983         66.8353       -0.414913       -0.909077               1
         116.848        -8.53287        -3.35712         67.4719        -0.67856       -0.733563               1
          117.95        -9.03128        -3.74808         68.1086       -0.874038       -0.484359               1
         119.052          -9.627        -3.96342         68.7452       -0.981708       -0.186499               1
         120.155        -10.2602        -3.98151         69.3819       -0.990755        0.130094               1
         121.257        -10.8672        -3.80054         70.0185       -0.900269        0.433614               1
          122.36        -11.3871        -3.43868         70.6552       -0.719342        0.693569               1
         123.462        -11.7677         -2.9323         71.2918       -0.466151        0.883845               1
         124.564        -11.9706        -2.33226         71.9285       -0.166131        0.985325               1
         125.667        -11.9756        -1.69885         72.5652        0.150576        0.987815               1
         126.769        -11.7821         -1.0957         73.2018        0.452152        0.891064               1
         127.872        -11.4096       -0.583401         73.8385        0.708299        0.704795               1
         128.974        -10.8954       -0.213431         74.4751        0.893285        0.447719               1
         130.077        -10.2913      -0.0229537         75.1118        0.988523        0.145666               1
         131.179        -9.65796      -0.0311065         75.7485        0.984447       -0.171019               1
         132.281        -9.05896       -0.237069         76.3852        0.881466       -0.470519               1
         133.384        -8.55451       -0.620148         77.0218        0.689926       -0.722743               1
         134.486         -8.1953        -1.14185         77.6585        0.429073       -0.902352               1
         135.589         -8.0174        -1.74977         78.2952        0.125113         -0.9913               1
         136.691         -8.0387        -2.38283         78.9319       -0.191414       -0.980651               1
         137.793        -8.25705        -2.97741         79.5685       -0.488705       -0.871475               1
         138.896        -8.65052        -3.47379         80.2052       -0.736893       -0.674742               1
         139.998        -9.17956        -3.82208         80.8419       -0.911041       -0.410218               1
         141.101        -9.79104         -3.9873         81.4786       -0.993652       -0.104481               1
         142.203        -10.4235        -3.95285         82.1153       -0.976426        0.211751               1
         143.306        -11.0134        -3.72219          82.752       -0.861095        0.506703               1
         144.408        -11.5015        -3.31849         83.3887       -0.659247        0.750742               1
          145.51        -11.8387        -2.78232         84.0254       -0.391162        0.919347               1
         146.613        -11.9912        -2.16756         84.6621      -0.0837778        0.995577               1
         147.715        -11.9435        -1.53596         85.2988        0.232021        0.971774               1
         148.818        -11.7007       -0.950992         85.9355        0.524504         0.85033               1
          149.92        -11.2869       -0.471435         86.5722        0.764282        0.643447               1
         151.023        -10.7438       -0.145472         87.2089        0.927264        0.371914               1
         152.125         -10.126     -0.00585458         87.8456        0.997073        0.063013               1
         153.228        -9.49557      -0.0666111         88.4823        0.966694       -0.252216               1
          154.33         -8.9158       -0.321636          89.119        0.839182       -0.542099               1
         155.432        -8.44499       -0.745303         89.7558        0.627348       -0.777507               1
         156.535        -8.13042        -1.29504         90.3925        0.352479       -0.934788               1
         157.637        -8.00373        -1.91561         91.0292       0.0421952       -0.998136               1
          158.74        -8.07762        -2.54465         91.6659       -0.272326       -0.961188               1
         159.842        -8.34469        -3.11896         92.3026       -0.559479       -0.827655               1
         160.945        -8.77809        -3.58082         92.9394        -0.79041       -0.610956               1
         162.047        -9.33426        -3.88383         93.5761       -0.941914       -0.332868               1
          163.15        -9.95733        -3.99753         94.2128       -0.998766      -0.0213334               1
         164.252        -10.5847        -3.91051         94.8496       -0.955255        0.292342               1
         165.355        -11.1533         -3.6315         95.4863       -0.815752        0.576637               1
         166.457         -11.606        -3.18856          96.123       -0.594278        0.802983               1
         167.559        -11.8973        -2.62617         96.7598       -0.313087        0.948636               1
         168.662        -11.9979        -2.00087         97.3965    -0.000436706         0.99896               1
         169.764        -11.8978        -1.37549         98.0333        0.312254        0.948896               1
         170.867         -11.607       -0.812875           98.67        0.593563        0.803478               1
         171.969        -11.1546        -0.36956         99.3068         0.81522        0.577318               1
         173.072        -10.5863      -0.0900966         99.9435        0.954952        0.293144               1
         174.174        -9.95903     -0.00256866          100.58        0.998716      -0.0204858               1
         175.277        -9.33589       -0.115771         101.217        0.942114       -0.332054               1
         176.379         -8.7795       -0.418328         101.854        0.790836       -0.610249               1
         177.482        -8.34577       -0.879832         102.491        0.560084       -0.827114               1
         178.584        -8.07829         -1.4539         103.127        0.273048       -0.960855               1
         179.687        -8.00394        -2.08285         103.764      -0.0414249       -0.998032               1
         180.789        -8.13018        -2.70346         104.401       -0.351732        -0.93491               1
         181.892        -8.44434        -3.25337         105.038       -0.626687       -0.777831               1
         182.994        -8.91483        -3.67732         105.674       -0.838658       -0.542583               1
         184.096        -9.49438        -3.93269         106.311       -0.966343       -0.252808               1
         185.199        -10.1247        -3.99382         106.948       -0.996908       0.0623714               1
         186.301        -10.7426        -3.85457         107.585       -0.927284        0.371279               1
         187.404        -11.2857        -3.52893         108.221       -0.764466        0.642869               1
         188.506        -11.6997        -3.04964         108.858        -0.52482        0.849847               1
         189.609        -11.9428        -2.46486         109.495       -0.232431         0.97141               1
         190.711        -11.9907        -1.83337         110.132       0.0833159        0.995343               1
         191.814        -11.8385        -1.21863         110.769        0.390686        0.919239               1
         192.916        -11.5015       -0.682427         111.405        0.658786        0.750748               1
         194.019        -11.0136       -0.278654         112.042        0.860673        0.506804               1
         195.121        -10.4239      -0.0478917         112.679        0.976054        0.211926               1
         196.224         -9.7915      -0.0133316         113.316        0.993334       -0.104249               1
         197.326        -9.18011       -0.178447         113.953        0.910777       -0.409943               1
         198.429        -8.65114       -0.526642         114.589        0.736679       -0.674431               1
         199.531        -8.25774        -1.02292         115.226        0.488541        -0.87113               1
         200.634        -8.03946         -1.6174         115.863        0.191302        -0.98027               1
         201.736        -8.01824        -2.25032           116.5       -0.125161       -0.990882               1
         202.839         -8.1962        -2.85808         117.137       -0.429042       -0.901899               1
         203.941        -8.55547        -3.37959         117.773       -0.689795       -0.722266               1
         205.044        -9.05992        -3.76243          118.41       -0.881213       -0.470038               1
         206.146        -9.65886        -3.96811         119.047       -0.984055       -0.170568               1
         207.249        -10.2921        -3.97597         119.684       -0.987986        0.146043               1
         208.351        -10.8959        -3.78522         120.321        -0.89261        0.447972               1
         209.454        -11.4097        -3.41503         120.958       -0.707514         0.70487               1
         210.556        -11.7818        -2.90261         121.594       -0.451304        0.890915               1
         211.659        -11.9748        -2.29947         122.231       -0.149733        0.987406               1
         212.761        -11.9693        -1.66623         122.868        0.166886        0.984645               1
         213.864        -11.7658        -1.06655         123.505        0.466726         0.88291               1
         214.966        -11.3849       -0.560703         124.142        0.719648        0.692427               1
         216.069        -10.8647        -0.19954         124.779         0.90023        0.432344               1
         217.171        -10.2576      -0.0193623         125.415        0.990319        0.128805               1
         218.274        -9.62464       -0.038281         126.052         0.98086       -0.187679               1
         219.376        -9.02941       -0.254394         126.689        0.872803       -0.485293               1
         220.479        -8.53176       -0.645975         127.326        0.677012       -0.734122               1
         221.581        -8.18169        -1.17366         127.963        0.413168       -0.909153               1
         222.684        -8.01442        -1.78441           128.6        0.107794       -0.992791               1
         223.787        -8.04674        -2.41682         129.236       -0.208412       -0.976629               1
         224.889        -8.27542        -3.00733         129.873       -0.503665       -0.862292               1
         225.992        -8.67745        -3.49657          130.51       -0.748284       -0.661275               1
         227.094        -9.21243        -3.83536         131.147       -0.917679       -0.393784               1
         228.197        -9.82658        -3.98964         131.784        -0.99482      -0.0867098               1
         229.299        -10.4582        -3.94391         132.421       -0.971955        0.229078               1
         230.402        -11.0437        -3.70276         133.058       -0.851381        0.521833               1
         231.504        -11.5243        -3.29044         133.694        -0.64522        0.762126               1
         232.607        -11.8516         -2.7484         134.331       -0.374198        0.925801               1
         233.709        -11.9928        -2.13112         134.968      -0.0655606        0.996404               1
         234.812        -11.9337        -1.50067         135.605        0.249664        0.966836               1
         235.914        -11.6801       -0.920426         136.242        0.539787        0.840072               1
         237.017        -11.2577       -0.448718         136.879        0.775641        0.628855               1
         238.119        -10.7088        -0.13297         137.516        0.933515         0.35442               1
         239.222        -10.0887     -0.00492338         138.153        0.997538       0.0443562               1
         240.324        -9.45967      -0.0774513         138.789        0.961274       -0.270163               1
         241.427        -8.88496       -0.343261         139.426        0.828369       -0.557519               1
          242.53        -8.42236       -0.775629         140.063        0.612185       -0.788821               1
         243.632        -8.11837        -1.33109           140.7        0.334457       -0.940816               1
         244.735        -8.00355        -1.95379         141.337       0.0231062       -0.998223               1
         245.837        -8.08946        -2.58113         141.974       -0.290564        -0.95527               1
          246.94        -8.36745        -3.15004         142.611       -0.575019       -0.816277               1
         248.042        -8.80956        -3.60332         143.248       -0.801659       -0.595218               1
         249.145        -9.37136         -3.8954         143.885       -0.947698       -0.314318               1
         250.247        -9.99636        -3.99691         144.522       -0.998454     -0.00182004               1
          251.35        -10.6217        -3.89765         145.158       -0.948824        0.310858               1
         252.453        -11.1846         -3.6076         145.795       -0.803799        0.592279               1
         253.555        -11.6283        -3.15592         146.432       -0.577959        0.814148               1
         254.658        -11.9083        -2.58802         147.069       -0.294012        0.954157               1
          255.76        -11.9965        -1.96101         147.706       0.0194925        0.998231               1
         256.863        -11.8839        -1.33793         148.343        0.331034        0.941939               1
         257.965        -11.5819       -0.781421          148.98        0.609289         0.79094               1
         259.068        -11.1208        -0.34744         149.617         0.82628        0.560416               1
          260.17        -10.5471      -0.0796218         150.254        0.960189        0.273548               1
         261.273        -9.91836     -0.00489437         150.891        0.997553      -0.0408218               1
         262.376        -9.29783       -0.130771         151.528        0.934615       -0.351084               1
         263.478        -8.74792       -0.444593         152.165        0.777703       -0.626042               1
         264.581         -8.3239       -0.914807         152.801        0.542596       -0.838049               1
         265.683        -8.06842        -1.49413         153.438        0.252934       -0.965789               1
         266.786        -8.00717        -2.12432         154.075       -0.062158       -0.996417               1
         267.888        -8.14629        -2.74199         154.712       -0.370997       -0.926854               1
         268.991        -8.47181        -3.28506         155.349       -0.642528       -0.764095               1
         270.094        -8.95099         -3.6989         155.986       -0.849448       -0.524506               1
         271.196        -9.53564         -3.9419         156.623       -0.970952       -0.232179               1
         272.299         -10.167        -3.98964          157.26       -0.994822       0.0834913               1
         273.401        -10.7815        -3.83732         157.897       -0.918658        0.390763               1
         274.504        -11.3175        -3.50024         158.534       -0.750119        0.658738               1
         275.606        -11.7209        -3.01231         159.171       -0.506153        0.860471               1
         276.709        -11.9514        -2.42259         159.808       -0.211293        0.975676               1
         277.812        -11.9855        -1.79038         160.445        0.104812        0.992768               1
         278.914        -11.8201        -1.17925         161.082        0.410373         0.91003               1
         280.017        -11.4716        -0.65067         161.719        0.674665        0.735781               1
         281.119        -10.9751        -0.25778         162.356         0.87111        0.487545               1
         282.222        -10.3806      -0.0400903         162.993        0.979955        0.190284               1
         283.325        -9.74778      -0.0194926          163.63        0.990254       -0.126109               1
         284.427        -9.14037       -0.198057         164.267        0.900971       -0.429817               1
          285.53         -8.6194       -0.557827         164.904        0.721087       -0.690299               1
         286.632        -8.23728        -1.06262         165.541        0.468689        -0.88136               1
         287.735        -8.03243        -1.66168         166.178        0.169162       -0.983786               1
         288.838        -8.02544        -2.29475         166.815       -0.147374       -0.987278               1
          289.94        -8.21703        -2.89817         167.452       -0.449086       -0.891485               1
         291.043        -8.58792        -3.41126         168.089       -0.705632       -0.706041               1
         292.145        -9.10081        -3.78243         168.725       -0.891214       -0.449594               1
         293.248        -9.70413        -3.97433         169.362       -0.987167       -0.147937               1
         294.351        -10.3372        -3.96768         169.999       -0.983842        0.168596               1
         295.453        -10.9363        -3.76315         170.636       -0.881575        0.468169               1
         296.556        -11.4413         -3.3813         171.273       -0.690649        0.720657               1
         297.658        -11.8013        -2.86054          171.91       -0.430268        0.900666               1
         298.761        -11.9802        -2.25323         172.547       -0.126617        0.990093               1
         299.864        -11.9599        -1.62047         173.184        0.189764        0.979945               1
         300.966        -11.7425        -1.02588         173.821        0.487058        0.871242               1
         302.069        -11.3498       -0.529273         174.458        0.735364        0.674918               1
         303.171        -10.8214       -0.180581         175.095         0.90971        0.410718               1
         304.274        -10.2104      -0.0148779         175.732        0.992561        0.105214               1
         305.377        -9.57826      -0.0488284         176.369        0.975586        -0.21087               1
         306.479        -8.98852       -0.279017         177.007        0.860491       -0.505742               1
         307.582        -8.50051       -0.682292         177.644        0.658854       -0.749745               1
         308.685        -8.16332        -1.21809         178.281        0.390954        -0.91834               1
         309.787        -8.01086        -1.83253         178.918       0.0837353       -0.994569               1
          310.89        -8.05847         -2.4638         179.555       -0.231902       -0.970766               1
         311.992        -8.30135        -3.04842         180.192       -0.524211       -0.849326               1
         313.095        -8.71507        -3.52759         180.829       -0.763793       -0.642463               1
         314.198        -9.25803         -3.8531         181.466       -0.926551       -0.370983               1
           315.3        -9.87562        -3.99223         182.103       -0.996114      -0.0621924               1
         316.403        -10.5057        -3.93097          182.74       -0.965487         0.25285               1
         317.506        -11.0849         -3.6755         183.377       -0.837749        0.542458               1
         318.608         -11.555         -3.2515         184.014       -0.625751          0.7775               1
         319.711        -11.8687        -2.70163         184.651       -0.350814        0.934337               1
         320.813        -11.9944        -2.08119         185.288      -0.0405947        0.997194               1
         321.916        -11.9195        -1.45259         185.925        0.273705        0.959747               1
         323.019        -11.6515       -0.879059         186.562        0.560471        0.825766               1
         324.121        -11.2174       -0.418284         187.199        0.790858        0.608725               1
         325.224        -10.6609       -0.116613         187.836        0.941694        0.330457               1
         326.327        -10.0379     -0.00438894         188.473        0.997806       0.0189524               1
         327.429        -9.41109      -0.0929001          189.11         0.95355       -0.294455               1
         328.532        -8.84352       -0.373242         189.747        0.813379       -0.578241               1
         329.635        -8.39228       -0.817216         190.384        0.591392       -0.803859               1
         330.737        -8.10277        -1.38016         191.021         0.30992       -0.948615               1
          331.84         -8.0041        -2.00545         191.658     -0.00272444       -0.997948               1
         332.942        -8.10621        -2.63018         192.296       -0.315091       -0.946895               1
         334.045        -8.39881        -3.19152         192.933        -0.59576       -0.800594               1
         335.148        -8.85248        -3.63299          193.57       -0.816496        -0.57376               1
          336.25        -9.42158        -3.91019         194.207       -0.955096       -0.289212               1
         337.353        -10.0489        -3.99524         194.844       -0.997618       0.0244256               1
         338.456        -10.6712        -3.87957         195.481       -0.939785        0.335603               1
         339.558         -11.226        -3.57483         196.118       -0.787415        0.613017               1
         340.661        -11.6575        -3.11167         196.755       -0.555835        0.828761               1
         341.764        -11.9223        -2.53669         197.392       -0.268343        0.961133               1
         342.866        -11.9936        -1.90772         198.029       0.0461408        0.996816               1
         343.969        -11.8644        -1.28804         198.666         0.35598        0.932221               1
         345.072        -11.5477       -0.739992         199.303        0.630004        0.773847               1
         346.174        -11.0753       -0.318704          199.94        0.840648        0.537625               1
         347.277        -10.4946      -0.0665592         200.578         0.96672        0.247322               1
          348.38        -9.86428     -0.00892204         201.215        0.995539      -0.0678596               1
         349.482        -9.24758        -0.15159         201.852        0.924205       -0.376211               1
         350.585        -8.70658       -0.480211         202.489        0.759895       -0.646712               1
         351.688         -8.2957       -0.961723         203.126        0.519139       -0.852148               1
          352.79        -8.05629        -1.54768         203.763        0.226158       -0.971854               1
         353.893        -8.01243        -2.17914           204.4      -0.0895717       -0.993787               1
         354.996        -8.16852        -2.79257         205.037       -0.396287       -0.915739               1
         356.098        -8.50887        -3.32626         205.674        -0.66313       -0.745564               1
         357.201        -8.99924        -3.72651         206.312       -0.863256       -0.500382               1
         358.304        -9.59028        -3.95306         206.949       -0.976531       -0.204862               1
         359.406        -10.2225        -3.98312         207.586       -0.991558        0.111267               1
         360.509        -10.8324        -3.81365         208.223       -0.906826        0.416197               1
         361.612        -11.3585        -3.46172          208.86        -0.73086        0.679252               1
         362.714        -11.7479        -2.96273         209.497       -0.481365        0.873964               1
         363.817        -11.9615        -2.36688         210.134       -0.183442        0.980745               1
          364.92        -11.9777        -1.73413         210.771        0.132934        0.988851               1
         366.022        -11.7949        -1.12814         211.409        0.435932        0.897468               1
         367.125        -11.4316       -0.609867         212.046        0.695066        0.715789               1
         368.228        -10.9242       -0.231468         212.683        0.884266        0.462095               1
         369.331        -10.3238      -0.0310111          213.32        0.984494         0.16191               1
         370.433        -9.69088      -0.0286645         213.957        0.985668       -0.154562               1
         371.536        -9.08904       -0.224664         214.594        0.887668        -0.45548               1
         372.639        -8.57887       -0.599287         215.231        0.700357       -0.710566               1
         373.741        -8.21169        -1.11484         215.868         0.44258       -0.894155               1
         374.844        -8.02445        -1.71945         216.506        0.140274       -0.987775               1
         375.947        -8.03599        -2.35228         217.143       -0.176142       -0.982006               1
         377.049        -8.24514        -2.94966          217.78       -0.474832        -0.87743               1
         378.152        -8.63086        -3.45148         218.417       -0.725742       -0.684569               1
         379.255        -9.15434        -3.80725         219.054       -0.903625       -0.422828               1
         380.357        -9.76291        -3.98117         219.691       -0.990583       -0.118546               1
          381.46        -10.3953        -3.95573         220.329       -0.977867        0.197662               1
         382.563         -10.988        -3.73351         220.966       -0.866757        0.493977               1
         383.666        -11.4812        -3.33686         221.603       -0.668432        0.740585               1
         384.768        -11.8253         -2.8057          222.24        -0.40285        0.912669               1
         385.871        -11.9858        -2.19347         222.877      -0.0967346        0.992916               1
         386.974        -11.9465        -1.56178         223.514        0.219112         0.97325               1
         388.076        -11.7113       -0.974187         224.152        0.512906        0.855652               1
         389.179        -11.3039       -0.489827         224.789        0.755087        0.651953               1
         390.282        -10.7653       -0.157435         225.426        0.921283        0.382653               1
         391.385        -10.1497      -0.0104583         226.063        0.994771       0.0748511               1
         392.487        -9.51904      -0.0636866           226.7        0.968157        -0.24048               1
          393.59        -8.93678       -0.311763         227.338        0.844119       -0.531609               1
         394.693        -8.46152       -0.729722         227.975        0.635139       -0.769239               1
         395.795        -8.14108         -1.2755         228.612        0.362248       -0.929459               1
         396.898        -8.00771        -1.89419         229.249       0.0529059       -0.996145               1
         398.001        -8.07483        -2.52351         229.886       -0.261757       -0.962587               1
         399.104        -8.33568        -3.10015         230.523       -0.550075       -0.832162               1
         400.206        -8.76401        -3.56607         231.161       -0.783035       -0.617996               1
         401.309        -9.31672        -3.87439         231.798       -0.937193       -0.341642               1
         402.412        -9.93818        -3.99407         232.435       -0.997036      -0.0309093               1
         403.515        -10.5659        -3.91308         233.072       -0.956542        0.282931               1
         404.617        -11.1366        -3.63957         233.709       -0.819786        0.568294               1
          405.72        -11.5929        -3.20107         234.347       -0.600533        0.796464               1
         406.823         -11.889        -2.64169         234.984       -0.320845        0.944478               1
         407.925        -11.9949        -2.01774         235.621     -0.00887204        0.997441               1
         409.028           -11.9        -1.39202         236.258        0.303991        0.950023               1
         410.131         -11.614       -0.827485         236.896        0.586257        0.806996               1
         411.234        -11.1655       -0.380959         237.533         0.80952        0.582755               1
         412.336        -10.5997      -0.0973785          238.17        0.951311        0.299868               1
         413.439        -9.97361     -0.00528175         238.807        0.997359      -0.0131951               1
         414.542        -9.35015       -0.113937         239.444        0.943031       -0.324927               1
         415.645        -8.79209       -0.412409         240.082        0.793796       -0.603954               1
         416.747        -8.35561       -0.870657         240.719        0.564671       -0.822195               1
          417.85        -8.08463        -1.44256         241.356        0.278719       -0.957685               1
         418.953        -8.00642        -2.07056         241.993      -0.0352814       -0.996788               1
         420.056        -8.12886        -2.69146         242.631       -0.345728       -0.935569               1
         421.158        -8.43962        -3.24275         243.268       -0.621375        -0.78019               1
         422.261        -8.90742        -3.66896         243.905       -0.834481        -0.54629               1
         423.364        -9.48518        -3.92719         244.542       -0.963596       -0.257409               1
         424.467        -10.1148        -3.99145          245.18       -0.995726        0.057376               1
         425.569        -10.7328        -3.85528         245.817       -0.927638        0.366383               1
         426.672         -11.277        -3.53237         246.454       -0.766185        0.638511               1
         427.775        -11.6927        -3.05524         247.091       -0.527618         0.84637               1
         428.878        -11.9381         -2.4719         247.729       -0.235948        0.969039               1
          429.98        -11.9883        -1.84106         248.366       0.0794678        0.994173               1
         431.083        -11.8385        -1.22624         249.003        0.386881        0.919241               1
         432.186        -11.5036       -0.689298          249.64        0.655351        0.751786               1
         433.289        -11.0173        -0.28429         250.278        0.857855        0.508664               1
         434.391        -10.4287      -0.0519786         250.915        0.974011        0.214345               1
         435.494        -9.79691      -0.0157467         251.552        0.992127       -0.101546               1
         436.597        -9.18558        -0.17924         252.189         0.91038       -0.407212               1
           437.7        -8.65623       -0.526002         252.827        0.736999       -0.671887               1
         438.802        -8.26214        -1.02113         253.464        0.489436       -0.868929               1
         439.905        -8.04299        -1.61478         254.101        0.192611       -0.978506               1
         441.008        -8.02083         -2.2472         254.739       -0.123599       -0.989587               1
         442.111        -8.19789        -2.85473         255.376       -0.427365       -0.901057               1
         443.214        -8.55634        -3.37622         256.013       -0.688109       -0.721829               1
         444.316        -9.06011        -3.75917          256.65       -0.879585       -0.469944               1
         445.419        -9.65849        -3.96504         257.288       -0.982521       -0.170756               1
         446.522        -10.2912        -3.97311         257.925       -0.986553        0.145617               1
         447.625        -10.8947        -3.78255         258.562       -0.891277        0.447328               1
         448.727         -11.408        -3.41257           259.2       -0.706284        0.704008               1
          449.83        -11.7796        -2.90039         259.837       -0.450196        0.889817               1
         450.933        -11.9721        -2.29758         260.474       -0.148792        0.986051               1
         452.036         -11.966        -1.66483         261.111        0.167587        0.983024               1
         453.139        -11.7621        -1.06582         261.749        0.467092        0.881041               1
         454.241        -11.3807       -0.560852         262.386        0.719574        0.690368               1
         455.344        -10.8604       -0.200767         263.023        0.899616          0.4302               1
         456.447        -10.2535      -0.0218108         263.661        0.989095        0.126728               1
          457.55          -9.621      -0.0419964         264.298        0.979002       -0.189499               1
         458.652        -9.02671       -0.259291         264.935        0.870354       -0.486646               1
         459.755         -8.5304        -0.65182         265.573         0.67409       -0.734799               1
         460.858        -8.18204        -1.18007          266.21        0.409967       -0.908978               1
         461.961        -8.01671        -1.79085         266.847        0.104575       -0.991647               1
         463.064        -8.05103        -2.42268         267.485       -0.211341       -0.974485               1
         464.166        -8.28156        -3.01196         268.122       -0.505978        -0.85922               1
         465.269        -8.68509        -3.49935         268.759       -0.749674       -0.657456               1
         466.372        -9.22099        -3.83579         269.397       -0.917895       -0.389505               1
         467.475        -9.83531        -3.98741         270.034       -0.993706      -0.0823445               1
         468.578        -10.4662        -3.93895         270.671       -0.969475        0.233103               1
          469.68        -11.0502        -3.69528         271.309       -0.847642        0.525079               1
         470.783        -11.5284        -3.28094         271.946       -0.640472         0.76419               1
         471.886        -11.8527        -2.73765         272.583       -0.368825        0.926362               1
         472.989        -11.9905        -2.12009         273.221      -0.0600472        0.995268               1
         474.092        -11.9279        -1.49046         273.858        0.254772        0.963972               1
         475.194        -11.6712       -0.912123         274.495        0.543938        0.835624               1
         476.297        -11.2463       -0.443324         275.133        0.778338        0.623147               1
           477.4        -10.6959       -0.131256          275.77        0.934372        0.347935               1
         478.503        -10.0754     -0.00733878         276.407        0.996331       0.0376941               1
         479.606        -9.44732      -0.0840469         277.045        0.957977       -0.276338               1
         480.709        -8.87491       -0.353657         277.682        0.823172       -0.562545               1
         481.811        -8.41578       -0.789023         278.319        0.605489        -0.79211               1
         482.914        -8.11616        -1.34631         278.957        0.326845        -0.94192               1
         484.017        -8.00622        -1.96941         279.594       0.0152964       -0.996892               1
          485.12        -8.09702        -2.59558         280.232       -0.297789       -0.951491               1
         486.223        -8.37942        -3.16178         280.869       -0.580889       -0.810289               1
         487.325        -8.82499        -3.61099         281.506       -0.805497       -0.587504               1
         488.428        -9.38887          -3.898         282.144       -0.949001       -0.305567               1
         489.531        -10.0143         -3.9939         282.781        -0.99695       0.0071346               1
         490.634        -10.6382        -3.88903         283.418       -0.944517        0.319114               1
         491.737        -11.1979        -3.59396         284.056       -0.796982        0.598959               1
          492.84         -11.637         -3.1384         284.693       -0.569201        0.818492               1
         493.942        -11.9112        -2.56822         285.331       -0.284109        0.955608               1
         495.045         -11.993        -1.94082         285.968       0.0295876        0.996502               1
         496.148        -11.8741         -1.3194         286.605        0.340301        0.937055               1
         497.251        -11.5665       -0.766508         287.243        0.616746        0.783255               1
         498.354        -11.1012       -0.337829          287.88        0.831086        0.550588               1
         499.457         -10.525      -0.0765242         288.517        0.961738        0.262482               1
